----------
ChIJZ9ZfrFANkFQRc-9k8UVTjUY
47.683569,-122.144094
14712 NE 91st St, Redmond, WA 98052, United States
47.683392,-122.144099
0.525473
47.683390,-122.143950
-29.2124245511
47.683391,-122.143999
-20.421524171
47.683393,-122.144199
21.3552399205
47.683395,-122.144299
37.8405443968
47.683211,-122.144253
16.054257
47.683218,-122.144066
-3.759465357
47.683215,-122.144159
6.46163709186
47.683239,-122.144389
30.4890346807
47.683265,-122.144387
32.4785277664
4aa84501f964a520855020e3
47.683565,-122.144062
14712 NE 91st St, Redmond, WA 98052
47.683392,-122.144067
0.527188
47.683390,-122.143950
-24.0805151557
47.683390,-122.143950
-24.0805151557
47.683393,-122.144167
21.7703348226
47.683394,-122.144267
38.4082108197
47.683211,-122.144253
19.383317
47.683218,-122.144070
0.247352086364
47.683215,-122.144161
10.2220490889
47.683245,-122.144388
33.9258227243
47.683276,-122.144387
36.6089330775
----------
ChIJg_mTftkMkFQRBiGfaRcpbnQ
47.702503,-122.093681
11523 Avondale Rd NE #104, Redmond, WA 98052, United States
47.702526,-122.093915
97.656747
47.702329,-122.093958
46.4245811327
47.702428,-122.093936
65.7192087182
47.702624,-122.093893
129.561591566
47.702723,-122.093872
148.924778309
47.702710,-122.092917
247.434664
47.702898,-122.092946
230.808682452
47.702804,-122.092931
238.582749235
47.702616,-122.092902
257.183675801
47.702522,-122.092888
267.28582129
4b1f1156f964a520942324e3
47.702410,-122.093422
11523 Avondale Rd NE, Redmond, WA 98052
47.702312,-122.093408
-6.128267
47.702324,-122.093226
-57.7475879584
47.702319,-122.093308
-40.8343379472
47.702305,-122.093519
31.2692053315
47.702300,-122.093608
48.0611214582
47.702710,-122.092917
227.970281
47.702866,-122.092941
214.764161051
47.702788,-122.092929
220.673152206
47.702632,-122.092904
236.896535276
47.702554,-122.092893
247.364641196
----------
ChIJUWFAqX8NkFQRk-YaOUtMb1Q
47.704752,-122.176378
11613 124th Ave NE, Kirkland, WA 98034, United States
47.704716,-122.176560
73.014943
47.704526,-122.176564
28.4469050682
47.704621,-122.176560
42.5678988335
47.704770,-122.176613
95.9689392916
47.704921,-122.176726
125.092369927
47.704526,-122.175798
-60.595606
47.704699,-122.175796
-82.9950922693
47.704614,-122.175796
-71.2276929617
47.704440,-122.175800
-51.9778981379
47.704351,-122.175802
-44.6956086711
4bc4e6aa702076b0862f04c9
47.704702,-122.176219
11613 124th Ave NE, Kirkland, WA 98034
47.704679,-122.176108
-73.390172
47.704872,-122.176125
199.993441031
47.704721,-122.176039
260.5948804
47.704583,-122.176118
-30.4327452202
47.704486,-122.176124
-17.1516357255
47.704526,-122.175798
-58.815281
47.704696,-122.175796
-89.4655978389
47.704612,-122.175796
-73.162492389
47.704440,-122.175800
-47.8178811127
47.704354,-122.175802
-39.5407754427
----------
ChIJU1hRXE9zkFQR7JCUW-mpDwY
47.694395,-122.041841
Old Market Street Trail, Redmond, WA 98053, United States
47.694408,-122.041632
264.029947
47.694606,-122.041660
209.364483924
47.694507,-122.041646
228.899347742
47.694309,-122.041618
-60.8870819855
47.694243,-122.041608
-46.6664961489
47.699140,-122.208468
91.768204
47.698948,-122.208415
91.6711408465
47.699044,-122.208442
91.7197064401
47.699236,-122.208495
91.8168319667
47.699345,-122.208427
91.8728866114
4ba524b2f964a5203ae338e3
47.694537,-122.041870
22310 NE Marketplace Dr Ste 114, Redmond, WA 98053
47.694597,-122.041894
164.359278
47.694561,-122.042094
98.3908453144
47.694579,-122.041994
116.007070602
47.694614,-122.041794
212.832137622
47.694653,-122.041665
229.306888213
47.694186,-122.042000
13.300473
47.694217,-122.041825
-6.08923162765
47.694201,-122.041918
4.83958750388
47.694169,-122.042078
20.183547765
47.694152,-122.042156
25.9106957712
----------
ChIJ-V_4c0pskFQR3eEu1H_94no
47.608323,-122.141390
Great Clips Kelsey Creek Shopping Center, 15015 Main St #203, Bellevue, WA 98007, United States
47.608415,-122.141394
177.885678
47.608413,-122.141594
122.5856213
47.608413,-122.141487
143.166852575
47.608416,-122.141294
214.197168712
47.608417,-122.141194
234.065940357
47.609830,-122.143059
142.538331
47.609712,-122.143052
140.385516427
47.609771,-122.143056
141.491821242
47.609905,-122.142980
145.17037288
47.609953,-122.142856
148.04307927
4c240983b7b8a59322ec3be8
47.608420,-122.141619
15015 Main St, Bellevue, WA 98007
47.608413,-122.141619
-0.633983
47.608414,-122.141419
-88.1785481533
47.608413,-122.141519
-84.808184223
47.608414,-122.141719
83.9597825702
47.608414,-122.141819
86.7414663022
47.608416,-122.142596
89.010871
47.608217,-122.142821
75.3732719805
47.608416,-122.142593
89.0096279682
47.608517,-122.142538
98.1943161846
47.608616,-122.142540
106.883652401
----------
ChIJ6ahalq1ykFQRevtyQABPFZ8
47.674724,-122.126590
16001 Redmond Way, Redmond, WA 98052, United States
47.674667,-122.126397
-67.255093
47.674841,-122.126285
239.74086636
47.674754,-122.126341
259.214666518
47.674580,-122.126453
-33.3321030203
47.674493,-122.126509
-13.9267266574
47.674670,-122.126395
-68.219079
47.674844,-122.126283
239.231464247
47.674757,-122.126339
258.249545365
47.674583,-122.126451
-34.1889759582
47.674495,-122.126508
-14.350057062
4b3bb40df964a5203a7925e3
47.674722,-122.126644
16001 Redmond Way, Redmond, WA 98052
47.674864,-122.126651
177.551185
47.674859,-122.126851
133.710602815
47.674861,-122.126751
151.968118349
47.674866,-122.126556
201.769423006
47.674866,-122.126451
221.476587156
47.674670,-122.126395
-73.357695
47.674866,-122.126338
234.457328745
47.674758,-122.126339
259.537978766
47.674582,-122.126452
-43.6095160993
47.674444,-122.126503
-19.5612180457
----------
ChIJTVulF-VskFQR6JN5QdVlo4c
47.630079,-122.178354
12121 Northup Way #215, Bellevue, WA 98005, United States
47.630201,-122.178211
217.705746
47.630299,-122.178397
171.883355496
47.630250,-122.178304
190.539034233
47.630151,-122.178118
244.93472951
47.630102,-122.178025
263.431972064
47.630526,-122.178737
149.320548
47.630542,-122.178767
148.339648062
47.630534,-122.178752
148.815736232
47.630518,-122.178722
149.836133315
47.630686,-122.178491
170.729484418
4be07bf5cb81c9b61b04668b
47.630289,-122.178955
12121 Northup Way, Bellevue, WA 98005
47.630504,-122.178696
218.543219
47.630605,-122.178881
188.394091335
47.630554,-122.178789
202.356917456
47.630453,-122.178604
234.715788697
47.630384,-122.178526
251.359707822
47.630526,-122.178737
211.277655
47.630624,-122.178915
183.967374878
47.630575,-122.178826
196.336016776
47.630477,-122.178648
227.20746109
47.630424,-122.178562
242.396936164
----------
ChIJGaBMeHgSkFQRqiiY8XuO24U
47.711646,-122.189555
11322 NE 124th St #100, Kirkland, WA 98034, United States
47.711780,-122.189549
181.076227
47.711784,-122.189749
135.843432285
47.711782,-122.189649
154.359812963
47.711778,-122.189449
207.89347168
47.711776,-122.189349
226.367268872
47.711187,-122.189609
3.924583
47.711186,-122.189409
-12.660785291
47.711187,-122.189509
-4.45736354454
47.711188,-122.189709
12.1676900627
47.711188,-122.189809
19.8958670694
4b47faaef964a520994526e3
47.711571,-122.189595
11322 NE 124th St, Kirkland, WA 98034
47.711460,-122.189592
-1.643606
47.711462,-122.189392
-52.1973719118
47.711461,-122.189492
-32.9146677579
47.711459,-122.189692
29.6411862914
47.711457,-122.189792
48.8899330277
47.711187,-122.189609
0.790270
47.711186,-122.189409
-18.6632990292
47.711187,-122.189509
-9.18614894152
47.711188,-122.189709
10.7479081536
47.711188,-122.189809
20.0673841702
----------
ChIJ2_ouh2JskFQRE_xA3NR26QE
47.613422,-122.193127
300 110th Ave NE #105, Bellevue, WA 98004, United States
47.613421,-122.193518
89.101004
47.613221,-122.193517
52.0759567319
47.613321,-122.193518
68.4773290577
47.613521,-122.193519
109.879492211
47.613621,-122.193520
126.238553249
47.613026,-122.193059
-7.206534
47.613023,-122.192862
-24.7945749176
47.613025,-122.192960
-16.4319626283
47.613028,-122.193158
2.41178096673
47.613030,-122.193238
10.2422532983
4aef5014f964a52078d721e3
47.613677,-122.192599
300 110th Ave NE, Bellevue, WA 98004
47.613731,-122.192598
179.831712
47.613732,-122.192798
111.74455958
47.613732,-122.192698
128.707713546
47.613731,-122.192498
231.174089537
47.613730,-122.192398
247.953946621
47.613026,-122.193059
24.965797
47.613023,-122.192875
15.3056246702
47.613025,-122.192967
20.269084979
47.613028,-122.193151
29.3218017914
47.613030,-122.193238
33.1279944892
----------
ChIJF6nlcbsSkFQRyNkeugWQpVE
47.679834,-122.172161
12620 NE 85th St #106, Kirkland, WA 98033, United States
47.679766,-122.172470
71.262106
47.679611,-122.172389
33.9520249079
47.679670,-122.172461
50.4762566989
47.679765,-122.172500
72.6887693079
47.679951,-122.172774
105.123931817
47.679618,-122.171949
-34.160923
47.679622,-122.171779
-51.1186147277
47.679620,-122.171864
-43.7476244946
47.679617,-122.172034
-22.1844633597
47.679615,-122.172119
-8.02250892315
4f1e4709e4b0c7cc912030e9
47.679733,-122.172202
12620 NE 85th St, Kirkland, WA 98033
47.679614,-122.172197
-2.172455
47.679618,-122.171997
-50.8128036361
47.679616,-122.172097
-31.7874346061
47.679612,-122.172297
27.360584454
47.679612,-122.172391
45.8681603671
47.679618,-122.171949
-56.742482
47.679621,-122.171833
-66.3520075964
47.679620,-122.171891
-62.2329525129
47.679617,-122.172007
-49.3202389518
47.679380,-122.172056
-16.2001499044
----------
ChIJ_e89WvRxkFQRGB5b9CYmmOg
47.615508,-122.036213
703 228th Ave NE, Sammamish, WA 98074, United States
47.615452,-122.036434
68.753634
47.615265,-122.036426
29.9326586926
47.615358,-122.036428
43.5077019036
47.615504,-122.036495
88.1444729579
47.615511,-122.036522
90.2478985713
47.615609,-122.035563
256.347753
47.615762,-122.035610
237.329086665
47.615706,-122.035565
244.943069247
47.615512,-122.035563
268.792623646
47.615415,-122.035563
-78.7307707721
4aff239cf964a520ca3422e3
47.615601,-122.035940
703 228th Ave NE, Sammamish, WA 98074
47.615614,-122.035951
149.004609
47.615594,-122.035932
-38.863373832
47.615557,-122.035896
-34.5360776203
47.615665,-122.035841
225.484943334
47.615718,-122.035839
209.478808348
47.615609,-122.035563
267.490686
47.615809,-122.035566
229.914793343
47.615709,-122.035565
246.258182975
47.615509,-122.035563
-70.8970753937
47.615409,-122.035563
-53.768770986
----------
ChIJFUYlv31skFQRqGsABDHDdBI
47.609855,-122.200413
10423 Main St #3, Bellevue, WA 98004, United States
47.609859,-122.200164
268.186521
47.610058,-122.200156
219.932305008
47.609959,-122.200163
237.860104398
47.609759,-122.200160
-61.2801727461
47.609659,-122.200157
-42.0245353983
47.610115,-122.200575
156.566195
47.610106,-122.200766
135.840310785
47.610110,-122.200671
145.123392593
47.610154,-122.200483
170.384225899
47.610147,-122.200403
180.683916821
4739b37df964a520544c1fe3
47.610173,-122.200441
10423 Main St, Bellevue, WA 98004
47.610151,-122.200446
7.385864
47.610144,-122.200247
-78.1256364565
47.610146,-122.200346
-67.5342310173
47.610160,-122.200546
79.1905606837
47.610170,-122.200646
88.0031982579
47.610115,-122.200575
56.723321
47.610120,-122.200540
50.9127227273
47.610116,-122.200557
53.6210042995
47.610169,-122.200636
87.5427898202
47.610332,-122.200655
137.06720033
----------
ChIJlwVv_l8NkFQRDMZ86kSnhjE
47.721114,-122.208421
13501 100th Ave NE #90, Kirkland, WA 98034, United States
47.721114,-122.208548
89.414357
47.720914,-122.208548
22.5928497077
47.721014,-122.208548
39.9881887062
47.721174,-122.208548
124.43253694
47.721174,-122.208548
124.43253694
47.721174,-122.208548
124.432537
47.721009,-122.208548
38.6128058297
47.721091,-122.208548
74.6923865814
47.721174,-122.208548
124.43253694
47.721174,-122.208548
124.43253694
4be5bee47e2a76b079d61c9b
47.721230,-122.208267
13501 100th Ave NE, Kirkland, WA 98034
47.721230,-122.208104
269.309888
47.721430,-122.208105
208.11886446
47.721330,-122.208104
227.067961923
47.721130,-122.208104
-48.3447937329
47.721030,-122.208104
-29.4540227351
47.721174,-122.208548
72.955127
47.720983,-122.208548
36.8947222202
47.721078,-122.208548
50.7617009872
47.721174,-122.208548
72.95512669
47.721174,-122.208548
72.95512669
----------
ChIJLZ7_MghtkFQRXsQ2t95bo6M
47.631328,-122.140272
15001 Northeast 24th Street #15, Redmond, WA 98052, United States
47.631473,-122.140276
178.378655
47.631471,-122.140476
135.385837957
47.631472,-122.140376
153.35917836
47.631475,-122.140176
203.255701687
47.631476,-122.140076
221.276388552
47.631474,-122.140185
201.172294
47.631557,-122.140372
162.966021789
47.631473,-122.140277
177.979003839
47.631475,-122.140093
218.777796025
47.631402,-122.139951
250.633342281
4a452c40f964a520e7a71fe3
47.631317,-122.140378
15001 NE 24th St, Redmond, WA 98052
47.631287,-122.140508
70.227441
47.631115,-122.140517
24.2303025684
47.631206,-122.140510
38.1709235464
47.631303,-122.140547
82.2131293911
47.631470,-122.140575
138.183875701
47.631474,-122.140185
218.977783
47.631557,-122.140340
185.484684492
47.631558,-122.140263
197.256008496
47.631475,-122.140109
228.340597321
47.631348,-122.139951
263.266696288
----------
ChIJLZ7_MghtkFQRl1LeavmLva4
47.622646,-122.131984
1410 156th Ave NE, Bellevue, WA 98007, United States
47.622645,-122.131792
269.755520
47.622833,-122.131790
214.431508529
47.622745,-122.131791
232.213050337
47.622545,-122.131793
-52.6249189153
47.622459,-122.131794
-35.1268693497
47.622643,-122.132342
88.743940
47.622460,-122.132342
51.7957577302
47.622543,-122.132342
66.3235743324
47.622743,-122.132342
111.181734651
47.622834,-122.132342
127.15915216
4b5a635ef964a520dac128e3
47.622644,-122.132069
1410 156th Ave NE, Bellevue, WA 98007
47.622644,-122.132342
89.358919
47.622460,-122.132342
44.4320980891
47.622544,-122.132342
60.9362331167
47.622744,-122.132342
117.781650927
47.622834,-122.132342
135.143255054
47.622643,-122.132342
89.172865
47.622460,-122.132342
44.4320980891
47.622543,-122.132342
60.6969374095
47.622743,-122.132342
117.541267806
47.622834,-122.132342
135.143255054
----------
ChIJSWrVY4lskFQRWnpc_GxZigM
47.617603,-122.192965
11010 NE 8th St, Bellevue, WA 98004, United States
47.617437,-122.192969
0.292748
47.617435,-122.192769
-38.9134899604
47.617436,-122.192869
-21.8827106225
47.617438,-122.193069
22.5490972545
47.617440,-122.193169
39.5557525388
47.617859,-122.193643
118.593011
47.617683,-122.193645
99.2568761296
47.617771,-122.193644
109.484270137
47.617947,-122.193642
126.325140486
47.618035,-122.193641
132.765456073
4b4ce284f964a520f0c226e3
47.617379,-122.193122
11022 NE 8th St, Bellevue, WA 98004
47.617439,-122.193121
180.307833
47.617441,-122.193321
114.178815168
47.617440,-122.193221
131.746608484
47.617438,-122.193021
228.578301313
47.617437,-122.192921
246.32823666
47.617437,-122.192926
245.820545
47.617438,-122.193012
231.001952566
47.617437,-122.192969
239.942053018
47.617312,-122.192887
-67.6976332587
47.617311,-122.192841
-70.8105984432
----------
ChIJhTLkva1ykFQRi_ngq95CgD8
47.664444,-122.099428
6536 E Lake Sammamish Pkwy NE #101, Redmond, WA 98052, United States
47.664304,-122.099307
-30.955538
47.664361,-122.099106
-69.6416591252
47.664332,-122.099207
-53.8626413252
47.664243,-122.099373
-11.0775576549
47.664188,-122.099406
-4.00070705736
47.664433,-122.099709
85.897557
47.664237,-122.099661
36.5993388321
47.664335,-122.099685
57.2494858368
47.664530,-122.099737
111.719433953
47.664627,-122.099765
128.111993112
4baff638f964a520972e3ce3
47.664335,-122.099412
6536 E Lake Sammamish Pkwy NE, Redmond, WA 98052
47.664290,-122.099322
-54.279927
47.664351,-122.099141
264.456361151
47.664324,-122.099234
-85.5305880905
47.664212,-122.099396
-5.58204720978
47.664139,-122.099453
7.47542074076
47.664433,-122.099709
115.275482
47.664266,-122.099668
67.6608953849
47.664350,-122.099688
93.8342745058
47.664515,-122.099733
129.009289255
47.664596,-122.099756
137.675387305
----------
ChIJt1_eHtgKkFQRVdk28PLmD3Q
47.733564,-121.986635
14606 Main St NE, Duvall, WA 98019, United States
47.733555,-121.986877
86.098706
47.733358,-121.986901
40.242946029
47.733456,-121.986886
56.802979882
47.733655,-121.986885
117.472757932
47.733754,-121.986894
136.75187049
47.733681,-121.987292
104.070187
47.733485,-121.987291
79.1682957771
47.733584,-121.987289
91.8991922544
47.733778,-121.987295
114.871437007
47.733874,-121.987298
123.963821668
4ad23b09f964a52041e020e3
47.733511,-121.986774
14606 Main St NE, Duvall, WA 98019
47.733531,-121.986875
105.407955
47.733337,-121.986904
25.8762567156
47.733434,-121.986889
44.4912702584
47.733626,-121.986883
146.652819358
47.733721,-121.986891
158.684800442
47.733681,-121.987292
115.235707
47.733497,-121.987290
86.964623125
47.733591,-121.987289
102.253414146
47.733771,-121.987295
125.725791476
47.733860,-121.987298
133.915730758
----------
ChIJ__rAVbprkFQR_B4xytdGLM4
47.586391,-122.235663
Tabit Village, 7679 SE 27th #9, Mercer Island, WA 98040, United States
47.586270,-122.235665
-0.021076
47.586268,-122.235465
-48.0988795578
47.586269,-122.235565
-29.1061787142
47.586270,-122.235765
29.2140562293
47.586271,-122.235846
45.3067159399
47.570943,-122.222060
-31.356842
47.570941,-122.221892
-31.663398463
47.570942,-122.221976
-31.5101912973
47.570944,-122.222144
-31.2022392236
47.570945,-122.222228
-31.0474936364
4b6781c8f964a520f6522be3
47.586570,-122.235599
7679 SE 27th St, Mercer Island, WA 98040
47.586552,-122.235599
-1.002363
47.586553,-122.235399
-83.4450925788
47.586553,-122.235499
-76.2205804595
47.586552,-122.235699
74.3787328517
47.586552,-122.235798
81.7635078754
47.586727,-122.235686
158.764463
47.586653,-122.235847
115.747579067
47.586726,-122.235780
141.37151055
47.586728,-122.235592
181.106607833
47.586728,-122.235515
199.183689078
----------
ChIJ6YgzNilukFQR983zE5L2Wkg
47.583486,-122.034141
3004 Issaquah-Pine Lake Rd SE, Sammamish, WA 98075, United States
47.583718,-122.034141
179.353835
47.583718,-122.034341
149.022919334
47.583718,-122.034241
163.015386316
47.583718,-122.034041
195.565087961
47.583718,-122.033965
206.497059331
47.581887,-122.033668
-12.024503
47.581983,-122.033408
-18.9849440331
47.581863,-122.033624
-12.8698441287
47.581849,-122.033785
-9.07253765191
47.581873,-122.033831
-8.1134483676
4ba81884f964a5205fcc39e3
47.583508,-122.034201
3050 228th Ave SE, Sammamish, WA 98075
47.583507,-122.034485
88.988776
47.583307,-122.034483
42.8257216913
47.583407,-122.034484
61.48426495
47.583607,-122.034486
116.48828576
47.583718,-122.034487
136.668312425
47.582287,-122.035511
35.257730
47.582170,-122.035508
32.7568189335
47.582229,-122.035509
33.9678802199
47.582343,-122.035649
39.3612002772
47.582403,-122.035652
40.9107740531
----------
ChIJ2Tlr-aFukFQRS3FYi7PSRUY
47.582086,-122.139470
3080 148th Ave SE #111, Bellevue, WA 98007, United States
47.582085,-122.139189
269.545086
47.582285,-122.139188
223.21037174
47.582185,-122.139188
241.941423484
47.581985,-122.139189
-62.6653268997
47.581885,-122.139189
-44.0020616458
47.581191,-122.139252
-9.990804
47.581226,-122.139048
-18.983963543
47.581191,-122.139153
-14.0956681149
47.581190,-122.139351
-5.78485078546
47.581190,-122.139449
-1.53064963556
4afa0258f964a520f41522e3
47.581738,-122.140142
3080 148th Ave SE, Bellevue, WA 98007
47.581653,-122.140259
42.414788
47.581499,-122.140142
-0.683463883651
47.581578,-122.140222
18.1758055437
47.581680,-122.140333
65.3569255283
47.581680,-122.140406
71.4381298397
47.581191,-122.139252
-48.368671
47.581326,-122.139048
-61.5460047866
47.581191,-122.139185
-50.4399572726
47.581190,-122.139293
-47.0006049786
47.581051,-122.139508
-32.6205634304
----------
ChIJ92YMY45skFQReUJDDYKWcYg
47.620466,-122.198884
1120 106th Ave NE, Bellevue, WA 98004, United States
47.620469,-122.199118
90.457522
47.620269,-122.199124
38.8649886997
47.620369,-122.199121
58.2194428666
47.620569,-122.199115
122.767495133
47.620669,-122.199112
142.134539799
47.620365,-122.199121
57.169620
47.620198,-122.199126
30.8097887407
47.620282,-122.199123
40.6991130609
47.620448,-122.199119
83.0462653057
47.620532,-122.199117
112.091050314
4b6c821bf964a520a13f2ce3
47.620458,-122.199420
1120 106th Ave NE, Bellevue, WA 98004
47.620459,-122.199376
268.247860
47.620659,-122.199387
185.694770401
47.620559,-122.199379
194.613147894
47.620359,-122.199373
-18.3514403679
47.620259,-122.199367
-10.8469551423
47.620365,-122.199121
-65.856360
47.620549,-122.199116
245.643903624
47.620457,-122.199118
269.745772206
47.620273,-122.199124
-47.9102278481
47.620169,-122.199203
-27.5520602207
----------
ChIJx0yiNiYMkFQRmVxQKXhpWck
47.755226,-122.148872
14245 NE Woodinville Duvall Rd, Woodinville, WA 98072, United States
47.755239,-122.148547
266.049254
47.755436,-122.148520
227.965277059
47.755338,-122.148535
243.248861584
47.755124,-122.148528
-66.9694325759
47.755081,-122.148483
-61.7777208913
47.755345,-122.149404
107.780343
47.755175,-122.149522
82.711790459
47.755260,-122.149456
94.3639307381
47.755436,-122.149355
122.167296787
47.755527,-122.149309
134.94851235
4b4518aaf964a520730426e3
47.755176,-122.149005
14245 NE Woodinville Duvall Rd, Woodinville, WA 98072
47.755192,-122.149185
96.853352
47.754995,-122.149223
38.4328488942
47.755093,-122.149204
57.7002317238
47.755250,-122.149173
122.593030266
47.755435,-122.149356
136.93836941
47.755345,-122.149404
121.581365
47.755178,-122.149520
89.7664493107
47.755260,-122.149456
104.886711254
47.755432,-122.149358
136.423117522
47.755519,-122.149313
148.14079352
----------
ChIJSdNa5OcSkFQR-f6qkBPHz08
47.665812,-122.197919
10615 NE 68th St, Kirkland, WA 98033, United States
47.665604,-122.197925
0.596073
47.665601,-122.197725
-32.4247773785
47.665602,-122.197825
-17.4395654186
47.665605,-122.198025
18.4969345265
47.665607,-122.198125
33.5113115309
47.666774,-122.198004
175.974988
47.666772,-122.198204
168.06943543
47.666773,-122.198104
171.999622464
47.666775,-122.197904
180.009825952
47.666775,-122.197805
183.993575104
4f663193e4b04b24453a9993
47.666020,-122.197809
10615 NE 68th St, Kirkland, WA 98033
47.666061,-122.197808
180.525981
47.666064,-122.198008
107.569681651
47.666063,-122.197908
122.026095312
47.666060,-122.197708
238.89973382
47.666059,-122.197608
253.419978443
47.666774,-122.198004
169.476295
47.666772,-122.198201
159.973845421
47.666773,-122.198103
164.640971528
47.666775,-122.197905
174.488281137
47.666775,-122.197808
179.468464282
----------
ChIJSdNa5OcSkFQRI7CpTkW7Jbo
47.677099,-122.203706
255 Central Way, Kirkland, WA 98034, United States
47.676973,-122.203710
0.730520
47.676970,-122.203510
-46.2835591621
47.676971,-122.203610
-27.5063682191
47.676974,-122.203810
28.8215948009
47.676976,-122.203910
47.6540414574
47.676974,-122.203791
24.044386
47.676892,-122.203481
-36.8356037661
47.676973,-122.203698
-2.94655309353
47.676976,-122.203884
43.5978741859
47.677026,-122.204040
71.4707517513
4b87358ef964a52083b631e3
47.677135,-122.203728
255 Central Way, Kirkland, WA 98033
47.676973,-122.203734
0.751115
47.676970,-122.203534
-39.0576518071
47.676972,-122.203634
-21.8328394326
47.676975,-122.203834
23.4897846712
47.676976,-122.203934
40.6688585079
47.676974,-122.203791
14.178435
47.676971,-122.203596
-29.2224171727
47.676973,-122.203693
-8.82350745509
47.676976,-122.203889
33.6945491704
47.677007,-122.204021
56.4979409845
----------
ChIJ5Yg_cycOkFQRvjiuxSYnBUI
47.758093,-122.246475
7016 Bothell Way NE, Kenmore, WA 98028, United States
47.758116,-122.246613
103.625162
47.757964,-122.246670
45.1007247648
47.758021,-122.246649
57.8565313698
47.758213,-122.246614
141.440177509
47.758309,-122.246618
155.439721005
47.758263,-122.246616
150.216331
47.758185,-122.246906
107.059000258
47.758215,-122.246614
141.970713051
47.758311,-122.246618
155.586454333
47.758359,-122.246620
159.246120335
4b92c8e5f964a520751b34e3
47.758205,-122.246537
7016 NE Bothell Way, Kenmore, WA 98028
47.758204,-122.246613
87.770057
47.758012,-122.246652
21.38708
47.758105,-122.246617
27.9069058452
47.758304,-122.246618
150.651795091
47.758404,-122.246622
163.35939625
47.758263,-122.246616
136.800490
47.758155,-122.246918
78.4263035391
47.758196,-122.246613
79.4687262738
47.758330,-122.246619
155.631936591
47.758397,-122.246622
162.868011534
----------
ChIJLctC-YwLkFQR4iNlynqH2y8
47.756200,-122.081842
19150 NE Woodinville Duvall Rd, Woodinville, WA 98072, United States
47.756234,-122.081997
107.207956
47.756050,-122.082086
46.8951104059
47.756142,-122.082042
65.9470867083
47.756326,-122.081953
148.712727413
47.756419,-122.081908
167.761508527
47.755337,-122.081518
-14.884308
47.755293,-122.081412
-18.4127410333
47.755315,-122.081465
-16.7054599954
47.755359,-122.081569
-13.0109945723
47.755381,-122.081621
-10.9940140914
4b4d57f3f964a52011d126e3
47.756089,-122.081323
19150 NE Woodinville Duvall Rd, Woodinville, WA 98077
47.756202,-122.081265
198.382552
47.756246,-122.081456
149.572621352
47.756225,-122.081365
167.65900609
47.756179,-122.081166
229.096054201
47.756156,-122.081067
248.253376942
47.755337,-122.081518
9.244833
47.755270,-122.081356
0.895367306332
47.755303,-122.081436
4.84685744726
47.755372,-122.081599
13.8708215858
47.755406,-122.081680
18.7568289207
----------
ChIJV_A9R8ANkFQRdGzhCluUTr4
47.730994,-122.173344
12523 NE 144th St, Kirkland, WA 98034, United States
47.730870,-122.173342
-1.234688
47.730871,-122.173142
-48.6371241044
47.730871,-122.173242
-29.7783687703
47.730869,-122.173442
27.3022306421
47.730868,-122.173542
46.1526194466
47.731272,-122.173388
173.325862
47.731274,-122.173586
149.106226092
47.731273,-122.173487
160.287821472
47.731271,-122.173289
187.028948274
47.731270,-122.173190
200.04403262
4b1716f5f964a52025c223e3
47.731035,-122.173544
12523 NE 144th St, Kirkland, WA 98034
47.731036,-122.173679
90.208628
47.730872,-122.173682
29.183598281
47.730936,-122.173681
42.3388892665
47.731135,-122.173676
137.67932866
47.731274,-122.173677
158.793140718
47.731272,-122.173388
203.410254
47.731274,-122.173573
174.650406689
47.731273,-122.173481
189.582084045
47.731271,-122.173295
214.84579582
47.731270,-122.173203
223.832998984
----------
ChIJxwhCoKptkFQRMaS-yY8Izl0
47.625872,-122.154726
1645 140th Ave NE, Bellevue, WA 98005, United States
47.625874,-122.154362
269.002650
47.626074,-122.154375
229.034139786
47.625957,-122.154366
250.092197559
47.625774,-122.154361
-68.9528386481
47.625674,-122.154360
-51.933771513
47.626078,-122.155258
119.201047
47.625980,-122.155445
101.898449261
47.626029,-122.155351
109.759784974
47.626164,-122.155165
133.878133482
47.626253,-122.155165
141.417316778
4dfa6dee62e1e9a2436a0ad8
47.626197,-122.154753
1645 140th Ave NE Ste B5, Bellevue, WA 98005
47.626205,-122.154551
266.151364
47.626405,-122.154555
212.20115774
47.626292,-122.154552
234.499998338
47.626151,-122.154495
-75.6908998674
47.626011,-122.154370
-54.9397386358
47.626078,-122.155258
70.214145
47.626029,-122.155352
66.8159010134
47.626054,-122.155305
68.3585801513
47.626121,-122.155192
74.9968197097
47.626267,-122.155165
103.4155112
----------
ChIJ0yKitMFskFQRcUOsICYF5LI
47.634367,-122.200624
2628 Bellevue Way NE, Bellevue, WA 98004, United States
47.634368,-122.200914
89.672803
47.634168,-122.200913
43.8382758649
47.634268,-122.200913
62.5652986841
47.634468,-122.200916
116.479621441
47.634511,-122.200961
121.694153967
47.634200,-122.201593
75.091975
47.634007,-122.201591
60.5772876816
47.634104,-122.201588
67.4231384996
47.634297,-122.201645
83.5827704381
47.634393,-122.201645
91.5924066298
51c7b08f498ed8403895cc4e
47.634308,-122.200722
2628 Bellevue Way NE, Bellevue, WA 98004
47.634307,-122.200914
89.055941
47.634107,-122.200912
31.9853427747
47.634207,-122.200913
51.3577464471
47.634407,-122.200913
126.819669306
47.634498,-122.200936
142.224235927
47.634200,-122.201593
78.998154
47.634004,-122.201591
62.0480528997
47.634102,-122.201588
70.0347197627
47.634298,-122.201645
88.509437642
47.634396,-122.201645
97.4664580949
----------
ChIJu-Yh4kptkFQRfbUPVFeHnew
47.664638,-122.164575
6509 132nd Ave NE, Kirkland, WA 98033, United States
47.664830,-122.164568
180.773098
47.664834,-122.164782
143.768483025
47.664832,-122.164668
161.404008952
47.664829,-122.164468
200.140667606
47.664828,-122.164368
215.777458463
47.664634,-122.164026
269.954238
47.664823,-122.164022
243.028115843
47.664734,-122.164024
254.914911051
47.664534,-122.164029
-74.8820732942
47.664434,-122.164031
-61.5986080218
4a3d7d2ef964a52056a21fe3
47.664732,-122.164688
6509 132nd Ave NE, Kirkland, WA 98033
47.664832,-122.164684
180.776993
47.664834,-122.164884
127.12787498
47.664834,-122.164782
147.269885958
47.664830,-122.164584
214.935724618
47.664829,-122.164484
234.297053879
47.664634,-122.164026
-78.286684
47.664823,-122.164022
257.944134256
47.664732,-122.164024
269.369480619
47.664536,-122.164029
-66.8569161848
47.664438,-122.164031
-57.0862337886
----------
ChIJTXVuwPRskFQRhY7Vg0qxdQI
47.620196,-122.184644
1048 116th Ave NE #160, Bellevue, WA 98004, United States
47.620042,-122.184635
-2.795396
47.620031,-122.184496
-31.9364507007
47.620045,-122.184535
-26.6021296907
47.620042,-122.184735
21.0935772701
47.620043,-122.184834
39.4706360563
47.620439,-122.184785
157.949661
47.620435,-122.184973
136.4457977
47.620437,-122.184879
145.99027603
47.620441,-122.184691
172.051286742
47.620554,-122.184600
184.189483678
4f327e4a19836c91c7dd2d83
47.620512,-122.185711
1044 116th Ave NE, Bellevue, WA 98004
47.620512,-122.185645
269.398445
47.620712,-122.185647
191.550834708
47.620612,-122.185646
203.187191706
47.620412,-122.185645
-24.6493045052
47.620312,-122.185645
-13.1790456638
47.620712,-122.185647
191.527297
47.620642,-122.185831
147.448627007
47.620733,-122.185648
190.394557429
47.620691,-122.185647
192.958917581
47.620671,-122.185647
194.71788224
