=== play with the 0th way ===
161698201
3
34.0617075,-118.3053555
0.89597610586
34.0616118905,-118.305354005
0.89597610586
34.061516281,-118.30535251
0.89597610586
=== play with the 1th way ===
161698214
21
34.0636357263,-118.305377726
-0.10406509145
34.0635401,-118.3053779
0.700295509265
34.0634436474,-118.305376721
0.700295509265
34.0633471947,-118.305375542
0.700295509265
34.0632507421,-118.305374363
0.700295509265
34.0631542895,-118.305373184
0.700295509265
34.0630578368,-118.305372005
0.700295509265
34.0629613842,-118.305370826
0.700295509265
34.0628649316,-118.305369647
0.700295509265
34.0627684789,-118.305368468
0.700295509265
34.0626720263,-118.305367289
0.700295509265
34.0625755737,-118.305366111
0.700295509265
34.0624791211,-118.305364932
0.700295509265
34.0623826684,-118.305363753
0.700295509265
34.0622862158,-118.305362574
0.700295509265
34.0621897632,-118.305361395
0.700295509265
34.0620933105,-118.305360216
0.700295509265
34.0619968579,-118.305359037
0.700295509265
34.0619004053,-118.305357858
0.700295509265
34.0618039526,-118.305356679
0.700295509265
34.0617075,-118.3053555
0.700295509265
=== play with the 2th way ===
161698229
24
34.0636242737,-118.306621405
0.183578822124
34.063529,-118.3066211
1.05260276531
34.0634412375,-118.306619488
1.05260276531
34.063353475,-118.306617875
1.05260276531
34.0632657125,-118.306616263
1.05260276531
34.06317795,-118.30661465
1.05260276531
34.0630901875,-118.306613038
1.05260276531
34.063002425,-118.306611425
1.05260276531
34.0629146625,-118.306609812
1.05260276531
34.0628269,-118.3066082
1.11333715589
34.0627329917,-118.306606375
1.11333715589
34.0626390833,-118.30660455
1.11333715589
34.062545175,-118.306602725
1.11333715589
34.0624512667,-118.3066009
1.11333715589
34.0623573583,-118.306599075
1.11333715589
34.06226345,-118.30659725
1.11333715589
34.0621695417,-118.306595425
1.11333715589
34.0620756333,-118.3065936
1.11333715589
34.061981725,-118.306591775
1.11333715589
34.0618878167,-118.30658995
1.11333715589
34.0617939083,-118.306588125
1.11333715589
34.0617,-118.3065863
-0.388130445002
34.0616044,-118.306586948
-0.388130445002
34.0615088,-118.306587595
-0.388130445002
=== play with the 3th way ===
398048014
5
34.063529,-118.3066211
89.8341180669
34.06352875,-118.30653475
89.8341180669
34.0635285,-118.3064484
89.8341180669
34.06352825,-118.30636205
89.8341180669
34.063528,-118.3062757
89.8341180669
=== play with the 4th way ===
398048023
7
34.063528,-118.3062757
90.9203349669
34.0635295333,-118.30618025
90.9203349669
34.0635310667,-118.3060848
90.9203349669
34.0635326,-118.30598935
90.9203349669
34.0635341333,-118.3058939
90.9203349669
34.0635356667,-118.30579845
90.9203349669
34.0635372,-118.305703
90.9203349669
=== play with the 5th way ===
398048029
5
34.0635372,-118.305703
90.5110838312
34.063537925,-118.305621725
90.5110838312
34.06353865,-118.30554045
90.5110838312
34.063539375,-118.305459175
90.5110838312
34.0635401,-118.3053779
90.5110838312
=== play with the 6th way ===
398048032
3
34.0635401,-118.3053779
90.3256434879
34.06354055,-118.305298725
90.3256434879
34.063541,-118.30521955
90.3256434879
=== play with the 7th way ===
398048044
3
34.0617008,-118.3067803
89.7637300839
34.0617004,-118.3066833
89.7637300839
34.0617,-118.3065863
89.7637300839
=== play with the 8th way ===
398048046
5
34.0617052,-118.3057307
90.3512223938
34.061705775,-118.3056369
90.3512223938
34.06170635,-118.3055431
90.3512223938
34.061706925,-118.3054493
90.3512223938
34.0617075,-118.3053555
90.3512223938
=== play with the 9th way ===
398048052
5
34.0617,-118.3065863
90.3523268526
34.061700525,-118.306500925
90.3523268526
34.06170105,-118.30641555
90.3523268526
34.061701575,-118.306330175
90.3523268526
34.0617021,-118.3062448
90.3523268526
=== play with the 10th way ===
398048055
3
34.0617075,-118.3053555
90.6386677108
34.0617085833,-118.305258317
90.6386677108
34.0617096667,-118.305161133
90.6386677108
=== play with the 11th way ===
398048065
7
34.0617021,-118.3062448
90.3454867999
34.0617026167,-118.306159117
90.3454867999
34.0617031333,-118.306073433
90.3454867999
34.06170365,-118.30598775
90.3454867999
34.0617041667,-118.305902067
90.3454867999
34.0617046833,-118.305816383
90.3454867999
34.0617052,-118.3057307
90.3454867999
=== play with the 12th way ===
403691121
3
34.0635257,-118.30678775
91.134421632
34.06352735,-118.306704425
91.134421632
34.063529,-118.3066211
91.134421632
