18
20
10
11
14
6
19
2
10
18
14
0
13
8
15
8
3
13
13
3
13
7
2
12
15
6
6
20
19
12
13
4
14
19
11
4
2
8
18
7
11
8
7
0
8
16
5
15
8
13
2
3
4
14
2
0
1
2
10
13
9
5
3
3
9
9
14
15
0
3
34.0117804446,-118.282606284
34.0133166225,-118.336548504
34.0478576202,-118.239672247
34.0624546639,-118.339226916
34.0419683808,-118.308579191
34.0471002758,-118.340176426
34.0472497262,-118.260310814
 
34.0260055728,-118.277813559
34.0490558631,-118.255947082
34.0515113407,-118.28023336
 
34.0536083186,-118.25107597
34.0565841701,-118.208318129
34.0402565816,-118.292813357
34.0398031287,-118.2535653
 
34.0534685709,-118.275453617
33.9879822616,-118.291260668
 
33.9745211865,-118.282252722
34.0428705249,-118.250667072
 
33.9749695314,-118.26563215
33.986164178,-118.224884167
34.0134456782,-118.256387231
33.9753617362,-118.248038766
33.9725093444,-118.211436145
34.070504163,-118.291273773
34.0305991183,-118.335298532
33.9746912339,-118.227547763
34.023044501,-118.279477027
34.061824284,-118.281339629
34.0630002135,-118.364810761
34.0847437579,-118.326400755
34.1018430975,-118.321865238
 
34.0264200999,-118.198956997
34.0204754723,-118.356000365
34.0910619686,-118.322632083
34.0902171488,-118.291579913
34.0735970848,-118.209555102
33.9749183089,-118.299731888
 
34.1056350968,-118.337075667
34.1055951575,-118.286966773
33.9434927862,-118.244513015
34.0837199018,-118.35011009
34.0749010175,-118.309526115
33.9613617472,-118.359744275
 
 
33.9899474983,-118.329084345
34.0354849106,-118.37817743
 
 
 
 
33.9441397764,-118.207007551
33.9434892551,-118.200419109
33.9601735835,-118.378110434
33.9602312811,-118.27862963
 
 
34.0466816025,-118.255852902
34.0503305047,-118.291809151
34.0549320751,-118.383481096
33.9627079502,-118.22435437
 
 
