----------
ChIJOdPohdd544kRETVZYi699GA
42.363117,-71.133303
260 Western Ave, Allston, MA 02134, United States
42.363387,-71.133271
186.382796
42.363392,-71.133469
157.239090311
42.363391,-71.133371
171.039540878
42.363381,-71.133171
201.796914504
42.363374,-71.133071
215.260448032
42.363382,-71.133196
198.095796
42.363391,-71.133388
168.462524135
42.363388,-71.133294
182.846617987
42.363376,-71.133098
211.859767251
42.363368,-71.132999
223.345262594
4acd2d00f964a52040cb20e3
42.363245,-71.133274
260 Western Ave, Allston, MA 02134
42.363386,-71.133257
186.394236
42.363392,-71.133455
138.935803808
42.363390,-71.133357
158.553365584
42.363380,-71.133157
214.225657418
42.363373,-71.133057
232.996053075
42.363382,-71.133196
204.298701
42.363391,-71.133381
152.880578117
42.363388,-71.133291
176.347617542
42.363376,-71.133101
225.851933894
42.363369,-71.133004
239.770528025
----------
ChIJDboHOFt344kRuB7iwSv13O4
42.370727,-71.113263
1105 Mass Ave #1, Cambridge, MA 02138, United States
42.370540,-71.113536
48.765864
42.370411,-71.113373
15.9434577986
42.370475,-71.113455
30.8902164003
42.370605,-71.113617
66.4730939516
42.370670,-71.113698
81.3516694109
42.370542,-71.113538
49.106293
42.370412,-71.113376
16.2963489847
42.370477,-71.113457
31.3258922003
42.370607,-71.113619
66.9613371029
42.370672,-71.113700
81.7316240908
4ab808b6f964a520e77b20e3
42.370435,-71.113515
1105 Massachusetts Ave, Cambridge, MA 02138
42.370476,-71.113455
228.759694
42.370605,-71.113618
157.385790808
42.370541,-71.113536
172.878801161
42.370411,-71.113374
-75.6384572793
42.370327,-71.113306
-53.8298170404
42.370542,-71.113538
172.490483
42.370601,-71.113612
158.006717442
42.370571,-71.113575
163.387490551
42.370512,-71.113501
188.9464335
42.370483,-71.113464
219.54865652
----------
ChIJobwXRVF344kRBlFTePbAKuo
42.365018,-71.104259
4 Central Square, Cambridge, MA 02139, United States
42.364894,-71.104395
40.519015
42.364788,-71.104217
-6.22623035132
42.364841,-71.104306
12.5630777114
42.364947,-71.104484
68.4260989344
42.365011,-71.104591
89.7878956118
42.365594,-71.104080
194.412535
42.365703,-71.104210
184.434974539
42.365570,-71.104114
192.432055449
42.365567,-71.103985
201.725130658
42.365518,-71.103899
209.465615915
4ad62dbef964a520950521e3
42.365196,-71.104672
4 Central Sq, Cambridge, MA 02139
42.365219,-71.104679
169.104033
42.365189,-71.104869
88.4753404064
42.365203,-71.104778
96.5748446629
42.365235,-71.104580
241.601612449
42.365255,-71.104482
248.788436304
42.365594,-71.104080
229.223913
42.365719,-71.104238
212.983820846
42.365667,-71.104148
220.93066826
42.365524,-71.104026
237.003748077
42.365507,-71.103880
243.548372594
----------
ChIJA266tkJ344kRW2dPC2cNet0
42.372650,-71.119733
36 John F. Kennedy St, Cambridge, MA 02138, United States
42.372459,-71.119868
29.113263
42.372385,-71.119677
-7.44770045146
42.372422,-71.119773
8.7698787167
42.372495,-71.119964
49.3723711584
42.372532,-71.120060
65.5153964084
42.372697,-71.120055
102.502339
42.372537,-71.120073
67.3619382047
42.372552,-71.120110
72.0876259147
42.372775,-71.119990
124.639549337
42.372853,-71.119925
146.348143778
4c34bbad66e40f47d807ca8b
42.372405,-71.119382
57 JFK St, Cambridge, MA 02138
42.372363,-71.119272
-60.963558
42.372537,-71.119172
231.078673211
42.372450,-71.119222
250.734651352
42.372282,-71.119335
-14.3312513813
42.372195,-71.119390
3.1041990154
42.371983,-71.120650
67.250385
42.371876,-71.120740
63.7077809366
42.371929,-71.120695
65.3970171915
42.372037,-71.120605
69.3169167669
42.372090,-71.120560
71.6097989325
----------
ChIJNZMz6sV544kRwZ7CF3grgMQ
42.351547,-71.131473
162 Harvard Ave, Allston, MA 02134, United States
42.351509,-71.131627
72.878007
42.351326,-71.131539
13.8973603114
42.351417,-71.131584
33.803863535
42.351603,-71.131666
112.631777798
42.351697,-71.131701
132.920190522
42.351533,-71.131638
84.810268
42.351352,-71.131552
18.158173577
42.351442,-71.131596
42.5700329472
42.351627,-71.131675
119.523656317
42.351721,-71.131711
135.992202176
4bb39de2a32876b035f701fe
42.351498,-71.131583
162 Harvard Ave, Allston, MA 02134
42.351489,-71.131618
72.909522
42.351307,-71.131529
-10.4713719659
42.351397,-71.131574
-2.272362322
42.351582,-71.131659
147.665154093
42.351677,-71.131694
156.765489522
42.351533,-71.131638
132.004455
42.351433,-71.131592
7.23556793025
42.351481,-71.131614
55.7084892855
42.351589,-71.131662
148.903862087
42.351647,-71.131682
155.078177357
----------
ChIJZzKchSJ344kRYztKuxoJqfk
42.393486,-71.120428
197 Elm St, Somerville, MA 02144, United States
42.393416,-71.120639
67.145840
42.393241,-71.120532
18.929866227
42.393329,-71.120586
38.0473322727
42.393503,-71.120692
96.4437100612
42.393590,-71.120746
115.332552948
42.393394,-71.120626
59.227451
42.393223,-71.120521
16.0981032359
42.393309,-71.120573
32.6753696167
42.393480,-71.120678
89.4528621331
42.393565,-71.120730
110.861280082
4c1265b8b7b9c928dbaea737
42.393446,-71.120635
197 Elm St, Somerville, MA 02144
42.393440,-71.120654
67.217045
42.393266,-71.120547
-18.4907392306
42.393353,-71.120600
-13.9983019474
42.393527,-71.120707
148.037686762
42.393614,-71.120761
152.469804257
42.393394,-71.120626
-6.252772
42.393357,-71.120603
-13.5377879195
42.393376,-71.120614
-10.8653284439
42.393413,-71.120637
3.97921906399
42.393431,-71.120648
35.2968559575
----------
ChIJC_hO8Jpw44kR0EbbqnwRu5E
42.361024,-71.063808
138 Cambridge St, Boston, MA 02114, United States
42.361030,-71.063691
267.355862
42.361230,-71.063704
201.917772134
42.361130,-71.063701
218.340160657
42.360930,-71.063682
-43.5767336306
42.360831,-71.063672
-26.1297087273
42.361155,-71.063932
146.470551
42.361043,-71.064129
95.8865947869
42.361153,-71.064017
131.14976723
42.361210,-71.063837
174.809105882
42.361283,-71.063765
188.40754728
4bb38aeba32876b03fda01fe
42.361268,-71.063765
106 Cambridge St, Boston, MA 02114
42.361283,-71.063765
181.683951
42.361281,-71.063965
96.3305444784
42.361283,-71.063865
102.464387247
42.361283,-71.063665
260.019800715
42.361285,-71.063565
264.915983443
42.361162,-71.063186
-74.755418
42.361292,-71.063132
268.439733258
42.361292,-71.063160
268.352355934
42.361162,-71.063213
-74.082528994
42.360963,-71.063388
-41.1752832235
----------
ChIJv8beJ75544kR_i627Z7RqO8
42.341110,-71.121167
238 Harvard St, Brookline, MA 02446, United States
42.340999,-71.121202
14.581694
42.340965,-71.121003
-38.5359524327
42.340982,-71.121103
-19.0539063615
42.341016,-71.121301
48.2174204058
42.341033,-71.121401
67.6110867377
42.341144,-71.120963
258.791328
42.341338,-71.121017
207.404218066
42.341241,-71.120990
226.470163193
42.341047,-71.120936
-68.3784775427
42.340949,-71.120909
-48.4930458471
4ae09b02f964a520da8021e3
42.341073,-71.121057
238 Harvard St, Brookline, MA 02446
42.341090,-71.120948
259.828239
42.341284,-71.121002
192.315358196
42.341187,-71.120975
209.477253474
42.340993,-71.120921
-50.1598730124
42.340896,-71.120894
-32.7996101601
42.341144,-71.120963
225.893630
42.341302,-71.121007
190.55354887
42.341223,-71.120985
200.954151726
42.341065,-71.120941
-83.1893929145
42.340986,-71.120919
-48.1810058475
----------
ChIJ665ckXR644kRbLmIQw6Z9JI
42.350951,-71.071563
31 St James Ave #110, Boston, MA 02116, United States
42.351111,-71.071642
161.140889
42.351058,-71.071837
119.139408131
42.351084,-71.071739
136.94992077
42.351137,-71.071545
185.606289706
42.351164,-71.071447
203.419015579
42.350743,-71.071523
-6.693779
42.350792,-71.071337
-45.185427092
42.350768,-71.071430
-26.9066363373
42.350719,-71.071616
11.058691395
42.350694,-71.071709
24.3339537303
4b4f415af964a520e8fe26e3
42.350600,-71.071926
31 Saint James Ave, Boston, MA 02116
42.350631,-71.071942
161.107107
42.350578,-71.072137
83.4344353012
42.350605,-71.072040
94.5886590676
42.350658,-71.071845
227.646240101
42.350684,-71.071747
238.969631852
42.350743,-71.071523
245.772761
42.350745,-71.071518
245.836587875
42.350744,-71.071521
245.80761977
42.350743,-71.071526
245.727379333
42.350742,-71.071528
245.697226463
----------
ChIJo7uxpI1544kRsbqX1qJdpEc
42.338517,-71.107200
350 Longwood Ave, Boston, MA 02115, United States
42.338706,-71.107488
132.924503
42.338572,-71.107645
100.92860064
42.338629,-71.107581
113.012013367
42.338772,-71.107409
150.115083651
42.338838,-71.107330
164.725545625
42.338789,-71.107062
201.984395
42.338883,-71.107276
172.631952443
42.338836,-71.107145
188.761317721
42.338742,-71.106980
217.450817113
42.338695,-71.106897
233.118121376
4bd497a5637ba593ae04f570
42.338721,-71.107163
350 Longwood Ave, Boston, MA 02115
42.338800,-71.107081
219.226611
42.338924,-71.107231
167.46322958
42.338851,-71.107171
178.776952713
42.338749,-71.106991
259.237271753
42.338697,-71.106901
-81.560205331
42.338789,-71.107062
229.040889
42.338948,-71.107206
173.347242863
42.338841,-71.107153
185.110748102
42.338737,-71.106972
264.911033704
42.338686,-71.106881
-78.9701570981
----------
ChIJM4Z22oh544kRZl6C4h0Vg8w
42.333250,-71.102531
1578 Tremont St, Boston, MA 02120, United States
42.333373,-71.102451
207.177150
42.333438,-71.102644
157.28646718
42.333408,-71.102550
176.247366065
42.333339,-71.102355
237.290387966
42.333304,-71.102258
256.367331398
42.333372,-71.102449
207.911913
42.333437,-71.102642
157.616516803
42.333408,-71.102550
176.247366065
42.333338,-71.102352
237.873738907
42.333304,-71.102256
256.702611123
4be54e312468c928fadbff42
42.333421,-71.102339
1578 Tremont St, Boston, MA 02120
42.333350,-71.102385
27.189619
42.333281,-71.102193
-36.4100162993
42.333315,-71.102289
-17.9594690017
42.333384,-71.102482
72.0930153859
42.333417,-71.102577
89.988898561
42.333372,-71.102449
60.517026
42.333311,-71.102277
-21.3298392159
42.333342,-71.102363
14.0057705857
42.333408,-71.102550
86.7849767946
42.333563,-71.102598
127.987185566
----------
ChIJb8-kVHZ644kReEyiujufiq8
42.351294,-71.064670
230 Tremont St, Boston, MA 02116, United States
42.351318,-71.064832
102.587795
42.351119,-71.064888
44.0412682957
42.351221,-71.064858
63.7722380213
42.351415,-71.064806
141.594053915
42.351512,-71.064780
160.897199224
42.351321,-71.064831
104.115822
42.351119,-71.064888
44.0412682957
42.351224,-71.064857
64.7487093392
42.351418,-71.064805
142.402794557
42.351515,-71.064779
161.23789348
4b167165f964a52026b923e3
42.351157,-71.064857
230 Tremont St, Boston, MA 02116
42.351160,-71.064876
103.659122
42.350971,-71.064954
22.557354737
42.351068,-71.064916
27.5887130843
42.351257,-71.064848
185.013468776
42.351353,-71.064822
188.81500963
42.351321,-71.064831
188.047097
42.351320,-71.064831
188.014419674
42.351320,-71.064831
188.041624328
42.351322,-71.064831
188.073997336
42.351322,-71.064831
188.079334968
----------
ChIJZzKchSJ344kRFUitbKtWuhQ
42.400701,-71.117601
860 Broadway, Somerville, MA 02144, United States
42.400852,-71.117616
177.127895
42.400841,-71.117816
132.74229182
42.400846,-71.117716
151.075817151
42.400857,-71.117516
203.344679913
42.400863,-71.117416
221.628638848
42.400853,-71.117597
182.434599
42.400842,-71.117795
135.877263882
42.400847,-71.117696
155.766926893
42.400858,-71.117498
207.279929702
42.400864,-71.117399
223.984705185
4e2231a4628469a5741e6758
42.400806,-71.117511
860 Broadway, Somerville, MA 02144
42.400857,-71.117516
177.140149
42.400846,-71.117716
106.304191042
42.400852,-71.117616
121.984661211
42.400863,-71.117416
232.426699752
42.400871,-71.117317
247.278811822
42.400853,-71.117597
127.647246
42.400845,-71.117734
104.774873186
42.400849,-71.117666
112.017454895
42.400857,-71.117528
167.314430643
42.400861,-71.117459
216.434129295
----------
ChIJk6_yipp544kRFukpecIBgMw
42.331915,-71.111822
904 Huntington Ave, Boston, MA 02115, United States
42.332002,-71.111925
140.032397
42.331882,-71.112038
79.9747238072
42.331958,-71.112016
108.140071758
42.332058,-71.111839
176.499681817
42.332114,-71.111752
196.003184401
42.331982,-71.111955
125.675725
42.331832,-71.112017
61.513304855
42.331894,-71.112043
84.1590198292
42.332039,-71.111868
166.0648351
42.332159,-71.111856
175.502430655
4d6c698a7585b1f796070ed5
42.331964,-71.111991
904 Huntington Ave, Boston, MA 02115
42.331967,-71.111993
153.070413
42.331916,-71.112185
72.9544080814
42.331940,-71.112062
67.2910375689
42.332014,-71.111906
232.87117878
42.332067,-71.111825
231.560057561
42.331982,-71.111955
236.858377
42.332082,-71.112017
171.985883366
42.332081,-71.112020
170.843912564
42.331869,-71.112033
19.3690409528
42.331781,-71.111997
2.72119387795
----------
ChIJT3Y15Dt344kRxT-zuAcHKmQ
42.386062,-71.114070
711-723 Somerville Ave, Somerville, MA 02143, United States
42.386178,-71.114036
193.524412
42.386270,-71.114141
167.250158437
42.386220,-71.114095
174.646256664
42.386179,-71.113887
230.591202606
42.386130,-71.113844
249.311363313
42.385851,-71.114268
36.238532
42.385754,-71.114086
3.65629861738
42.385802,-71.114177
18.4402657849
42.385900,-71.114359
54.3312210592
42.385950,-71.114449
69.6993947191
4b55bfcaf964a5203cee27e3
42.386053,-71.114159
711-723 Somerville Ave, Somerville, MA 02143
42.385995,-71.114284
59.403860
42.385811,-71.114194
7.4957613842
42.385858,-71.114282
26.6150228412
42.386053,-71.114368
91.3144783207
42.386206,-71.114494
123.093803842
42.385851,-71.114268
23.226954
42.385759,-71.114097
-7.51123082577
42.385805,-71.114182
5.44547101871
42.385897,-71.114353
44.1066771235
42.385944,-71.114438
63.5593052816
----------
ChIJHZsq3jpx44kR7-r-07WTyDQ
42.405700,-71.083822
4110 Mystic Valley Pkwy, Medford, MA 02155, United States
42.405702,-71.084089
92.129836
42.405502,-71.084092
46.7538999439
42.405602,-71.084091
65.2172203281
42.405802,-71.084087
118.811081221
42.405902,-71.084085
137.371481976
42.405079,-71.083668
-8.983483
42.405092,-71.083469
-21.9036881456
42.405086,-71.083568
-15.6379226821
42.405072,-71.083768
-2.24799794274
42.405064,-71.083868
4.47433871608
4bba436898c7ef3b98e53202
42.405633,-71.083520
4110 Mystic Valley Pkwy, Medford, MA 02155
42.405633,-71.083527
94.536550
42.405434,-71.083543
6.37592833333
42.405533,-71.083535
7.93582754225
42.405733,-71.083519
181.660953268
42.405832,-71.083511
183.236150218
42.405079,-71.083668
12.635805
42.405092,-71.083478
-1.84657224333
42.405086,-71.083574
5.59604791251
42.405073,-71.083762
19.1421342573
42.405065,-71.083854
24.9763150375
----------
ChIJxzxAAIVw44kR_N-53bCWVys
42.359417,-71.058839
100 City Hall Square, Boston, MA 02108, United States
42.359126,-71.058968
19.540210
42.359063,-71.058777
-5.9954523453
42.359097,-71.058871
5.60403583145
42.359150,-71.059066
33.6566991497
42.359174,-71.059165
46.2079865561
42.358228,-71.058994
6.913062
42.358259,-71.058977
6.43440652607
42.358228,-71.058994
6.9130623742
42.358252,-71.059087
10.3787731778
42.358277,-71.059181
13.9190502254
51420b09e4b0e8b13be61a39
42.359860,-71.058845
100 City Hall Plz, Boston, MA 02108
42.359629,-71.059717
71.749945
42.359443,-71.059641
56.1579178904
42.359535,-71.059682
63.7345227801
42.359720,-71.059762
79.7843717139
42.359811,-71.059806
87.4957659711
42.358228,-71.058994
5.263660
42.358264,-71.058974
4.8181121175
42.358246,-71.058984
5.04485638504
42.358252,-71.059086
7.74340331935
42.358276,-71.059179
10.2763771326
----------
ChIJMdDnhapw44kRJ80fW5FZcYo
42.359024,-71.094670
77 Mass Ave, Cambridge, MA 02139, United States
42.359363,-71.094606
189.375295
42.359363,-71.094606
189.375295456
42.359363,-71.094606
189.375295456
42.359389,-71.094535
196.759174491
42.359414,-71.094464
202.79864375
42.359005,-71.093566
-87.265776
42.359152,-71.093678
261.521175137
42.359079,-71.093620
267.341739185
42.358923,-71.093517
-81.8250844114
42.358843,-71.093466
-77.1013013305
4d8e93a4d265236ab7510e17
42.359102,-71.094459
77 Massachusetts Ave, Cambridge, MA 02139
42.359363,-71.094606
158.764053
42.359363,-71.094606
158.764053123
42.359363,-71.094606
158.764053123
42.359397,-71.094511
173.89763323
42.359452,-71.094408
187.584769778
42.359005,-71.093566
-80.260360
42.359142,-71.093670
267.452085185
42.359075,-71.093616
-86.0787745276
42.358927,-71.093520
-74.4860533797
42.358852,-71.093471
-69.7064386802
----------
ChIJgzbGMi-D44kR7rsAXzN7yI0
42.376433,-71.245872
869 Main St #871, Waltham, MA 02451, United States
42.376430,-71.245788
-86.089719
42.376630,-71.245777
201.283066122
42.376530,-71.245782
215.946076085
42.376330,-71.245794
-27.8784567223
42.376255,-71.245798
-15.5919606243
42.376258,-71.245892
6.395643
42.376256,-71.245694
-35.2726410025
42.376255,-71.245798
-15.5919606243
42.376262,-71.245992
28.9970383835
42.376266,-71.246092
45.7632306198
4b97d7d5f964a5207e1935e3
42.376338,-71.245894
869 Main St, Waltham, MA 02451
42.376335,-71.245794
-86.101269
42.376535,-71.245782
204.376264697
42.376435,-71.245788
220.614347748
42.376255,-71.245798
-39.1109405641
42.376134,-71.245843
-9.01241796397
42.376258,-71.245892
0.498965
42.376256,-71.245692
-59.7854455894
42.376255,-71.245798
-39.1109405641
42.376262,-71.245992
45.2072069645
42.376266,-71.246092
65.2488425365
----------
ChIJJcg71NRz44kRyfX2omTRNm0
42.429270,-71.050033
695 Eastern Ave, Malden, MA 02148, United States
42.428992,-71.049987
-5.547445
42.429008,-71.049787
-33.4042742363
42.429002,-71.049876
-22.0102710923
42.428983,-71.050087
9.26606942593
42.428974,-71.050186
22.4060476628
42.429584,-71.050084
174.473448
42.429566,-71.050283
149.32744996
42.429575,-71.050184
161.303362433
42.429593,-71.049984
187.737901253
42.429602,-71.049885
199.678068396
4b6da98ff964a5203a842ce3
42.429441,-71.050111
695 Eastern Ave, Malden, MA 02148
42.429580,-71.050134
174.349863
42.429562,-71.050333
127.611634025
42.429571,-71.050234
146.360585511
42.429589,-71.050034
202.425394008
42.429598,-71.049935
221.17597
42.429584,-71.050084
189.218756
42.429567,-71.050273
137.742440743
42.429576,-71.050179
160.975291717
42.429593,-71.049989
212.06984454
42.429601,-71.049895
226.341394873
----------
ChIJU8P0KpBw44kR7a87hLKmzCY
42.364591,-71.061872
205 Portland St, Boston, MA 02114, United States
42.364516,-71.061990
50.756661
42.364381,-71.061832
-6.61077591452
42.364449,-71.061911
12.8705819403
42.364584,-71.062068
88.5219348643
42.364651,-71.062147
107.844679939
42.364625,-71.062117
102.006041
42.364528,-71.062004
58.5460694865
42.364577,-71.062060
85.4990726846
42.364674,-71.062173
111.694149547
42.364909,-71.062159
147.578941284
4bd85718e914a593f2f152fa
42.364331,-71.061716
203 Portland St, Boston, MA 02114
42.364310,-71.061749
50.744482
42.364172,-71.061595
-28.1097685936
42.364241,-71.061672
-18.6427853555
42.364377,-71.061828
120.579234328
42.364445,-71.061907
130.232594722
42.364582,-71.062067
135.396641
42.364554,-71.062033
134.791113799
42.364568,-71.062050
135.105395238
42.364596,-71.062083
135.64839892
42.364611,-71.062100
135.885236184
----------
ChIJB2GHZYRw44kRiZp18rKf7sI
42.357758,-71.057880
262 Washington St, Boston, MA 02108, United States
42.357802,-71.057998
117.796985
42.357632,-71.058112
55.2242575378
42.357717,-71.058055
73.9673112725
42.357887,-71.057941
162.093076682
42.357984,-71.057875
182.327320471
42.357800,-71.057999
116.745172
42.357630,-71.058113
54.9045188082
42.357715,-71.058056
73.2623187519
42.357885,-71.057942
161.483479714
42.357984,-71.057875
182.327320471
4bf1704f25afb713e7044b6f
42.357815,-71.058197
262 Washington St, Boston, MA 02108
42.357754,-71.058030
-62.189543
42.357923,-71.057916
243.958291842
42.357839,-71.057973
263.298430866
42.357661,-71.058093
-25.202976085
42.357584,-71.058143
-8.40789916936
42.357800,-71.057999
-82.736287
42.357966,-71.057887
238.039166328
42.357883,-71.057943
251.485406786
42.357717,-71.058055
-45.6047495257
42.357642,-71.058008
-37.6607150719
----------
ChIJVZAXx6J744kRBKVVlSzOqRw
42.297186,-71.060508
1576 Dorchester Ave, Dorchester, MA 02122, United States
42.297328,-71.060573
162.722959
42.297278,-71.060768
116.812622935
42.297303,-71.060671
135.519627826
42.297353,-71.060475
189.732451301
42.297377,-71.060377
208.347929412
42.297347,-71.060497
184.185272
42.297304,-71.060669
136.037023628
42.297325,-71.060584
159.470736247
42.297369,-71.060411
203.010461446
42.297390,-71.060324
215.196300452
4b3beb4cf964a5205a7e25e3
42.297166,-71.060724
1576 Dorchester Ave, Boston, MA 02122
42.297276,-71.060777
161.843914
42.297224,-71.060972
109.001018845
42.297250,-71.060875
128.356279721
42.297301,-71.060679
195.197615822
42.297326,-71.060581
214.861472744
42.297347,-71.060497
224.292192
42.297329,-71.060569
216.627383219
42.297338,-71.060533
220.88597045
42.297356,-71.060461
227.134939427
42.297365,-71.060425
229.477527456
----------
ChIJ_2c1Ohd644kRhuwRmC5GNLc
42.341557,-71.083589
393 Massachusetts Ave, Boston, MA 02115, United States
42.341683,-71.083433
223.935461
42.341800,-71.083605
178.67144074
42.341741,-71.083519
197.217305052
42.341625,-71.083347
250.634342883
42.341567,-71.083261
269.052463275
42.341595,-71.083301
261.383108
42.341765,-71.083365
219.977063257
42.341713,-71.083291
236.117027097
42.341544,-71.083227
-85.806807697
42.341493,-71.083152
-77.465624631
4b1a9dbaf964a5207fed23e3
42.341738,-71.083845
393 Massachusetts Ave, Boston, MA 02115
42.341860,-71.083694
223.924361
42.341976,-71.083866
177.642580038
42.341918,-71.083780
196.37892753
42.341802,-71.083608
251.451841251
42.341744,-71.083522
-89.9831845833
42.341595,-71.083301
-69.034150
42.341723,-71.083305
-86.4249651711
42.341692,-71.083260
-82.553827964
42.341565,-71.083258
-66.9446251438
42.341536,-71.083214
-65.2007710122
----------
ChIJf390MiJ644kRVbqe5VSHRtU
42.336587,-71.090629
Ryder hall, Leon St, Boston, MA 02115, United States
42.336321,-71.090685
10.294959
42.336278,-71.090530
-11.9843549334
42.336305,-71.090586
-5.05645637213
42.336329,-71.090785
25.5754294456
42.336337,-71.090885
38.6563934804
42.336637,-71.091152
98.798817
42.336440,-71.091187
71.8603748447
42.336538,-71.091170
84.5021220885
42.336744,-71.091131
114.213558173
42.336834,-71.091120
125.590475604
4e6e18f1813005b910f90dcd
42.336738,-71.090502
Ryder Hall, Boston, MA 02115
42.336315,-71.090633
14.371184
42.336269,-71.090528
3.80125037765
42.336288,-71.090538
4.81745805122
42.336325,-71.090732
23.8664719849
42.336333,-71.090831
32.5290004201
42.336637,-71.091152
79.608562
42.336447,-71.091186
61.5979969557
42.336542,-71.091169
69.8044177423
42.336744,-71.091131
92.0959958458
42.336829,-71.091121
102.655981598
----------
ChIJBZxmWz1644kRus_fZ3ZP0iE
42.337302,-71.084369
981 Tremont St, Boston, MA 02120, United States
42.337254,-71.084457
55.318797
42.337104,-71.084358
-0.957301750005
42.337180,-71.084384
6.73288004755
42.337328,-71.084530
103.462173823
42.337401,-71.084603
121.169093019
42.337177,-71.084230
-37.988574
42.337282,-71.084052
-83.6307647575
42.337229,-71.084141
-65.3297860463
42.337122,-71.084326
-8.56136008259
42.337076,-71.084410
8.98267557941
4bc366e32a89ef3b9cf8f488
42.337120,-71.084456
981 Tremont St, Boston, MA 02120
42.337075,-71.084410
-35.532810
42.337176,-71.084231
252.79752499
42.337122,-71.084326
-89.6079557719
42.337025,-71.084500
20.4827885569
42.336976,-71.084590
35.9495735068
42.337177,-71.084230
252.736053
42.337230,-71.084140
246.281566864
42.337203,-71.084185
248.875303162
42.337080,-71.084222
-75.5799931582
42.336996,-71.084232
-51.8703037192
----------
ChIJXTrWbpN744kRIFUH51SphFM
42.292043,-71.071491
560 Washington St, Boston, MA 02124, United States
42.292032,-71.071755
88.099833
42.291833,-71.071737
42.3683585396
42.291932,-71.071747
61.1701386061
42.292132,-71.071763
115.091100895
42.292232,-71.071771
133.594379523
42.292043,-71.071756
91.336176
42.291844,-71.071738
44.1107263996
42.291944,-71.071748
63.8594446459
42.292143,-71.071764
117.563502862
42.292242,-71.071772
135.061571358
4a5254b2f964a52086b11fe3
42.291964,-71.071746
560A Washington St, Dorchester, MA 02124
42.291964,-71.071750
87.339592
42.291765,-71.071730
-1.93323700711
42.291864,-71.071740
-1.12385731975
42.292064,-71.071758
176.335291826
42.292164,-71.071766
177.201312974
42.292043,-71.071756
175.851439
42.291941,-71.071915
81.2017878005
42.291965,-71.071823
92.0968886311
42.292046,-71.071756
175.957047143
42.292049,-71.071757
176.005376574
----------
ChIJ7enWxHiC44kRALblxbe9YF4
42.331991,-71.194724
1185 Centre St, Newton, MA 02459, United States
42.331939,-71.194438
-74.787687
42.332125,-71.194357
245.338353236
42.332033,-71.194401
261.59657044
42.331843,-71.194470
-50.5169975923
42.331748,-71.194501
-32.7382063923
42.331944,-71.194436
-76.027990
42.332130,-71.194355
244.640949312
42.332037,-71.194398
260.583419647
42.331848,-71.194468
-51.6355211781
42.331753,-71.194500
-33.4517015531
4ab540c5f964a5208e7320e3
42.331928,-71.194397
1185 Centre St, Newton, MA 02459
42.331936,-71.194439
105.183821
42.331745,-71.194502
24.5782357044
42.331840,-71.194471
33.4469051876
42.332030,-71.194402
179.476439972
42.332122,-71.194358
189.867441334
42.331944,-71.194436
119.776783
42.331763,-71.194496
25.5365276442
42.331854,-71.194466
36.1245646937
42.332034,-71.194400
180.27629715
42.332123,-71.194358
189.957359764
----------
ChIJ4cNvBcaC44kRk4YfoumdXM8
42.368797,-71.219700
90 River St, Waltham, MA 02452, United States
42.368915,-71.219853
137.572567
42.368910,-71.219937
124.188067808
42.368900,-71.219901
126.155914876
42.368991,-71.219805
159.734308702
42.369034,-71.219717
178.473249024
42.369273,-71.220071
151.461113
42.369207,-71.220224
138.052434372
42.369191,-71.220184
139.173849351
42.369288,-71.220008
156.571760948
42.369403,-71.219871
169.70379064
4a26fc0ef964a520fa7e1fe3
42.369160,-71.219730
90B River St, Waltham, MA 02453
42.369171,-71.219721
210.434490
42.369249,-71.219911
124.911429094
42.369210,-71.219816
129.538588149
42.369132,-71.219626
-68.8471123415
42.369094,-71.219531
-64.3097883434
42.369273,-71.220071
115.524952
42.369108,-71.220194
82.9584375661
42.369175,-71.220143
94.2078114394
42.369355,-71.220009
134.850380814
42.369449,-71.219988
148.038808156
----------
ChIJY67d2oZw44kRcGpJQ4l-kVE
42.356974,-71.053544
274 Franklin St, Boston, MA 02110, United States
42.356912,-71.053668
57.569423
42.356778,-71.053592
11.5896032012
42.356835,-71.053599
17.6710994754
42.356988,-71.053738
97.1049056099
42.357065,-71.053807
116.336456209
42.356873,-71.053411
-42.918390
42.356974,-71.053227
-88.494400527
42.356922,-71.053319
-71.3498748119
42.356824,-71.053503
-10.1231208198
42.356777,-71.053593
11.9040740517
4b4665cef964a520ba1f26e3
42.356792,-71.053419
274 Franklin St, Boston, MA 02110
42.356842,-71.053468
145.367913
42.356749,-71.053651
77.3903103999
42.356793,-71.053560
92.0403516185
42.356891,-71.053378
198.530566698
42.356963,-71.053288
210.956504267
42.356873,-71.053411
185.521203
42.356879,-71.053638
119.44278326
42.356841,-71.053470
143.888175672
42.356905,-71.053352
205.177873786
42.356862,-71.053195
248.420759239
----------
ChIJt4m0EEh444kRLWIizuPmzEk
42.349296,-71.155579
419 Washington St, Brighton, MA 02135, United States
42.349317,-71.155701
104.585157
42.349108,-71.155768
38.1800020004
42.349221,-71.155732
58.0643834127
42.349413,-71.155671
151.144460848
42.349509,-71.155641
169.301147285
42.349113,-71.155537
-8.108555
42.349117,-71.155338
-43.4345134154
42.349115,-71.155438
-28.5980644935
42.349111,-71.155636
14.4066716128
42.349109,-71.155736
33.3332755185
4de9402fae6029331905a8de
42.349114,-71.155617
419 Washington St, Boston, MA 02108
42.349111,-71.155617
-0.121197
42.349115,-71.155417
-88.9725985942
42.349113,-71.155517
-87.9290052782
42.349109,-71.155717
87.9004272708
42.349108,-71.155817
88.9425712422
42.355204,-71.059475
266.538831
42.355318,-71.059352
266.454056032
42.355265,-71.059412
266.493607508
42.355143,-71.059538
266.584119635
42.355083,-71.059601
266.629478722
----------
ChIJ-ySM5_V544kRGFDOFok8RI8
42.346733,-71.088835
1122 Boylston St, Boston, MA 02115, United States
42.346577,-71.088760
-18.304016
42.346630,-71.088565
-61.3011501551
42.346603,-71.088663
-43.1893640331
42.346552,-71.088858
6.73408825773
42.346526,-71.088955
24.7531863426
42.347371,-71.087652
235.388579
42.347559,-71.087764
225.298361226
42.347419,-71.087838
228.56472623
42.347288,-71.087595
240.323295033
42.347290,-71.087588
240.355899186
4b082bccf964a520650523e3
42.346922,-71.089033
1122 Boylston St, Boston, MA 02215
42.346940,-71.089042
160.953437
42.346881,-71.089255
77.5253740589
42.346913,-71.089139
85.1174060433
42.346967,-71.088944
237.156948527
42.346994,-71.088847
243.981101846
42.346961,-71.088964
233.799511
42.346952,-71.088997
222.877635034
42.346957,-71.088980
229.704743801
42.346966,-71.088948
236.651371261
42.346970,-71.088932
238.627004565
----------
ChIJ210wJVtw44kRcBwx0rkqQNM
42.374576,-71.038816
13 William Kelly Square, East Boston, MA 02128, United States
42.374585,-71.039069
94.088638
42.374386,-71.039080
47.1855992069
42.374485,-71.039076
66.1445805778
42.374685,-71.039060
122.339235905
42.374784,-71.039047
141.939623633
42.370199,-71.038918
2.365327
42.370064,-71.038649
-0.194756652394
42.370173,-71.038906
2.24076103752
42.370192,-71.039027
3.41645693428
42.370226,-71.039103
4.17408222079
4c1d27a663750f4731c7b767
42.374564,-71.038960
13 Central Sq, Boston, MA 02128
42.374568,-71.039070
94.104725
42.374369,-71.039080
25.8210194106
42.374468,-71.039077
43.4937577462
42.374668,-71.039062
145.137207619
42.374767,-71.039049
163.385271897
42.374730,-71.038565
241.902249
42.374934,-71.038628
215.023646508
42.374784,-71.038651
227.512971734
42.374676,-71.038479
253.972879487
42.374622,-71.038393
263.565009962
----------
ChIJlTYM9CR444kRL2YQa-okLqc
42.361351,-71.158926
485 Arsenal St F05, Watertown, MA 02472, United States
42.361247,-71.158349
-74.859749
42.361248,-71.158290
-76.2324634181
42.361247,-71.158319
-75.5787914939
42.361247,-71.158349
-74.8597485905
42.361247,-71.158349
-74.8597485905
42.363189,-71.160717
145.601797
42.363011,-71.160898
140.072035123
42.363197,-71.160785
144.710761034
42.363181,-71.160649
146.521786457
42.363172,-71.160581
147.470061392
4ed3bd22e5faa5ec06accea2
42.361744,-71.158936
500 Arsenal St, Watertown, MA 02472
42.361937,-71.159194
136.650928
42.361870,-71.159339
114.244419284
42.361880,-71.159274
119.940639859
42.361998,-71.159111
154.398170571
42.362059,-71.159028
169.270144552
42.363171,-71.160571
141.103847
42.362987,-71.160744
134.298746863
42.363179,-71.160633
140.199741243
42.363163,-71.160509
142.032360296
42.363158,-71.160467
142.691853715
----------
ChIJ96-WJMR344kRZVxW590b8Sg
42.397388,-71.174940
59 Leonard St, Belmont, MA 02478, United States
42.397330,-71.174803
-58.556755
42.397398,-71.174640
268.997961105
42.397373,-71.174717
-83.4050887832
42.397245,-71.174839
-26.2450688426
42.397227,-71.174827
-26.046771755
42.397535,-71.175355
117.096551
42.397370,-71.175482
88.9144009247
42.397454,-71.175418
101.979637913
42.397615,-71.175289
132.648138724
42.397693,-71.175221
147.091348588
503936f4e4b0e40d6d8e8dab
42.397340,-71.174874
59 Leonard St, Belmont, MA 02478
42.397315,-71.174814
-59.403905
42.397392,-71.174658
253.504174502
42.397366,-71.174731
257.499147474
42.397235,-71.174838
-12.6511819052
42.397223,-71.174821
-17.2532272936
42.397535,-71.175355
120.215686
42.397371,-71.175481
95.4606618429
42.397454,-71.175418
107.277710873
42.397614,-71.175289
133.147294488
42.397693,-71.175222
145.288245584
----------
ChIJoxuTVaFx44kRJwP-I1lp3nc
42.402361,-71.043775
1727 Revere Beach Pkwy, Everett, MA 02149, United States
42.402089,-71.043843
11.856710
42.402062,-71.043644
-16.6253491539
42.402075,-71.043743
-3.30782224159
42.402102,-71.043943
27.0486648205
42.402116,-71.044042
40.3271766157
42.402094,-71.043881
17.745066
42.402067,-71.043682
-11.8158417223
42.402080,-71.043782
2.3775654847
42.402108,-71.043980
32.3740254062
42.402121,-71.044080
44.6758454985
4c1aa381b9f876b09cfc7846
42.402201,-71.043837
1727 Revere Beach Pkwy, Everett, MA 02149
42.402092,-71.043864
11.838010
42.402065,-71.043665
-41.7223180039
42.402078,-71.043764
-22.2829805156
42.402105,-71.043964
45.8355401563
42.402119,-71.044063
65.2591257761
42.402094,-71.043881
18.255519
42.402067,-71.043682
-39.191221844
42.402080,-71.043782
-17.4375897941
42.402108,-71.043980
50.0692399156
42.402121,-71.044080
67.4367787745
----------
ChIJbeA3eFB244kRVr3Cx9UL-cM
42.416112,-71.154397
669 Massachusetts Ave, Arlington, MA 02476, United States
42.415964,-71.154451
16.589409
42.415922,-71.154252
-27.9105929105
42.415944,-71.154352
-9.7789631792
42.415984,-71.154550
42.8926511284
42.416001,-71.154649
60.7750101593
42.415969,-71.154476
23.546256
42.415927,-71.154275
-24.582013068
42.415949,-71.154377
-3.74455368622
42.415988,-71.154575
48.3681820764
42.416055,-71.154689
76.5661816352
4ed92f6d9911a3e78bb8cc25
42.415931,-71.154278
669 Massachusetts Ave, Arlington, MA 02476
42.415928,-71.154279
20.333662
42.415873,-71.154082
-66.7705208028
42.415904,-71.154180
-67.9348920648
42.415949,-71.154378
105.293269322
42.415969,-71.154477
105.87505217
42.415969,-71.154476
105.899568
42.415881,-71.154473
72.3313194495
42.415887,-71.154495
76.2756966787
42.415970,-71.154483
105.903487213
42.416202,-71.154638
136.969705037
----------
ChIJK0ICQAx444kRYkWPNfPsCAs
42.358517,-71.185397
275 Centre St, Newton, MA 02458, United States
42.358327,-71.185322
-14.795893
42.358369,-71.185125
-52.2887075656
42.358348,-71.185223
-35.8133019692
42.358306,-71.185420
6.18155759801
42.358288,-71.185519
23.0543620742
42.358615,-71.184987
253.610257
42.358800,-71.185059
223.012397633
42.358709,-71.185024
236.717995625
42.358521,-71.184951
-89.1684565185
42.358415,-71.184911
-72.7832975628
50e46ed8e4b08361e04aed30
42.358664,-71.185369
275 Centre St, Newton, MA 02458
42.358734,-71.185033
255.658217
42.358923,-71.185105
218.519221121
42.358829,-71.185069
234.959457654
42.358640,-71.184997
-83.4540439683
42.358545,-71.184961
-67.083415589
42.358615,-71.184987
-78.685175
42.358800,-71.185059
240.854786724
42.358702,-71.185021
263.12126908
42.358528,-71.184954
-64.693685542
42.358393,-71.185016
-42.5152353311
----------
ChIJe645PYNw44kRDTqaGtEezSg
42.354020,-71.058228
74 Summer St, Boston, MA 02110, United States
42.353916,-71.058354
43.377174
42.353802,-71.058180
-7.78099101956
42.353859,-71.058267
11.5788778735
42.353974,-71.058440
74.9801374494
42.354031,-71.058526
94.2571984235
42.353964,-71.058426
70.544053
42.353856,-71.058262
10.0879328786
42.353910,-71.058344
39.3706405087
42.354019,-71.058508
90.972660374
42.354178,-71.058537
125.995268373
50b3b7cee4b03641ded70a8e
42.353940,-71.058398
74 Summer St, Boston, MA 02110
42.353943,-71.058394
223.344246
42.354058,-71.058567
134.659428508
42.354000,-71.058480
136.083624493
42.353886,-71.058307
-49.776639563
42.353828,-71.058221
-48.2875762168
42.353964,-71.058426
141.158379
42.353966,-71.058428
140.674856776
42.353965,-71.058427
140.859613384
42.353964,-71.058425
141.38554437
42.353963,-71.058424
141.612856833
----------
ChIJKTQuIZ1w44kRI_0Eg0NsPV4
42.355302,-71.062814
144 Tremont St, Boston, MA 02111, United States
42.355440,-71.063060
128.434192
42.355295,-71.063207
90.0149105181
42.355368,-71.063133
106.940212917
42.355512,-71.062986
150.07831592
42.355583,-71.062912
166.916254665
42.355438,-71.063062
127.881121
42.355293,-71.063209
89.5734479807
42.355366,-71.063136
106.391493706
42.355510,-71.062988
149.564677517
42.355582,-71.062914
166.575984596
4ddfc866185035f3a44eeae3
42.355422,-71.063006
144 Tremont St, Boston, MA 02111
42.355448,-71.063052
128.452505
42.355303,-71.063199
51.7444231042
42.355376,-71.063125
63.851359313
42.355519,-71.062978
193.539597407
42.355591,-71.062904
205.522578524
42.355438,-71.063062
112.440471
42.355291,-71.063211
50.5844431753
42.355365,-71.063136
60.9826729122
42.355510,-71.062987
190.252731121
42.355582,-71.062913
204.653871046
----------
ChIJIYhcs2R644kRMqx8nka8oxc
42.342311,-71.056631
11 W Broadway #03, South Boston, MA 02127, United States
42.342444,-71.056481
221.336751
42.342553,-71.056657
176.813000845
42.342499,-71.056569
195.175669239
42.342390,-71.056393
247.351838086
42.342334,-71.056305
265.932705254
42.342425,-71.056449
231.203699
42.342534,-71.056627
182.184650915
42.342480,-71.056538
203.640326449
42.342369,-71.056360
255.182016156
42.342313,-71.056272
-89.0664287336
5327926b498e9edc9c897210
42.342576,-71.056686
Broadway, Boston, MA
42.342578,-71.056697
103.153403
42.342514,-71.056594
-46.4221008768
42.342546,-71.056646
-43.5399948755
42.342610,-71.056749
127.544232422
42.342642,-71.056801
129.376488291
42.349749,-71.067060
134.375285
42.349541,-71.067147
133.298834676
42.349729,-71.067040
134.350778947
42.349771,-71.067082
134.404507575
42.349794,-71.067104
134.433730869
----------
ChIJj9g5pT1344kRxgXZZKoH3uc
42.388388,-71.119148
898 Somerville Ave, Cambridge, MA 02140, United States
42.388524,-71.119031
213.915019
42.388636,-71.119197
173.149875582
42.388579,-71.119115
188.643841542
42.388480,-71.118938
240.812856971
42.388424,-71.118849
262.128062619
42.388602,-71.118979
211.821424
42.388705,-71.119151
181.026533737
42.388658,-71.119060
194.962117086
42.388535,-71.118942
227.545289459
42.388446,-71.118878
255.406209362
49dbdffaf964a520205f1fe3
42.388552,-71.119351
1919 Massachusetts Ave., Cambridge, MA 02140
42.388539,-71.119428
78.902461
42.388346,-71.119370
5.41874835351
42.388451,-71.119401
21.5439224493
42.388644,-71.119459
140.442864254
42.388728,-71.119496
150.076314897
42.389030,-71.119659
155.935586
42.388969,-71.119779
144.162795863
42.388978,-71.119784
144.425695639
42.389073,-71.119570
164.134499812
42.389117,-71.119481
171.757563938
----------
ChIJa3je3gR444kR5Pe8snabLI8
42.366158,-71.181585
59 Mt Auburn St, Watertown, MA 02472, United States
42.366379,-71.181744
153.412760
42.366307,-71.181935
121.291288651
42.366342,-71.181839
135.84227479
42.366417,-71.181649
171.090653803
42.366458,-71.181556
185.562069144
42.366379,-71.181744
153.412760
42.366307,-71.181935
121.291288651
42.366342,-71.181839
135.84227479
42.366417,-71.181649
171.090653803
42.366458,-71.181556
185.562069144
53e2a0c4498e2fc1a9624eac
42.366340,-71.181796
59 Mount Auburn St, Watertown, MA 02472
42.366356,-71.181801
167.833468
42.366290,-71.181980
71.1980240426
42.366323,-71.181891
77.7716973503
42.366391,-71.181713
231.902412836
42.366426,-71.181628
236.86922188
42.366379,-71.181744
226.458863
42.366459,-71.181959
135.856025717
42.366402,-71.181872
139.228295515
42.366384,-71.181731
229.276224239
42.366389,-71.181718
231.346179606
----------
ChIJ0QiBGoJ544kReqaRG7WNJhI
42.323406,-71.103568
315 Centre St, Jamaica Plain, MA 02130, United States
42.323207,-71.103544
-3.734724
42.323209,-71.103344
-38.6186136062
42.323208,-71.103444
-23.469647525
42.323189,-71.103591
5.85556610444
42.323174,-71.103596
6.55494823162
42.322953,-71.103578
2.382517
42.322898,-71.103369
-14.8138819562
42.322888,-71.103466
-6.90495673821
42.322963,-71.103579
2.52057097486
42.322856,-71.103757
15.7011228094
521bca2011d2624bbfe19a0c
42.323082,-71.103361
315 Centre St, Jamaica Plain, MA 02130
42.323082,-71.103369
91.416569
42.322897,-71.103377
5.09474251673
42.323018,-71.103394
22.2109510176
42.323182,-71.103369
177.807302296
42.323209,-71.103370
178.494927601
42.322953,-71.103578
52.671135
42.322887,-71.103475
24.8708644941
42.322882,-71.103519
31.7600050975
42.323034,-71.103586
75.5248093953
42.323116,-71.103592
102.617207004
----------
ChIJqylPXgR644kRmCLcnJUzDUU
42.350697,-71.089701
493 Beacon St, Boston, MA 02215, United States
42.350777,-71.089736
163.525123
42.350726,-71.089930
100.916437858
42.350752,-71.089833
120.525032339
42.350800,-71.089638
205.783142653
42.350824,-71.089540
224.772486902
42.350777,-71.089734
164.281852
42.350726,-71.089928
101.20923131
42.350752,-71.089831
121.121153677
42.350801,-71.089636
206.276161953
42.350824,-71.089538
224.929610643
4f3269b219836c91c7d55bff
42.350848,-71.089723
493 Beacon St, Boston, MA 02215
42.350786,-71.089696
-16.477358
42.350837,-71.089484
-85.0091656068
42.350810,-71.089598
-66.1842775902
42.350762,-71.089794
33.0219035003
42.350736,-71.089891
49.5192589041
42.350777,-71.089734
8.238100
42.350817,-71.089566
-73.8516422479
42.350797,-71.089650
-45.4927128314
42.350756,-71.089816
38.3319813798
42.350735,-71.089897
50.0721556847
