----------
ChIJn2zgeFRYwokRKOQJRFFM6dg
40.758857,-73.988863
705 8th Ave, New York, NY 10036, United States
40.758773,-73.988667
-61.412412
40.758937,-73.988545
250.942368782
40.758855,-73.988606
269.838335394
40.758691,-73.988728
-32.3391657712
40.758609,-73.988789
-13.3954047663
40.758751,-73.988683
-52.978163
40.758912,-73.988564
255.842259306
40.758831,-73.988624
-82.6144499935
40.758671,-73.988743
-26.8227935749
40.758591,-73.988802
-10.4686564504
4b9abc4ff964a5201ad135e3
40.758700,-73.988951
705 8th Ave, New York, NY 10036
40.758614,-73.989014
28.384841
40.758525,-73.988851
-23.9814016294
40.758574,-73.988920
-11.1808591373
40.758653,-73.989108
67.9170349072
40.758692,-73.989202
87.0614573186
40.758751,-73.988683
255.173435
40.758882,-73.988587
236.106632013
40.758816,-73.988635
243.493030392
40.758686,-73.988732
-85.858967486
40.758477,-73.988692
-42.1003553318
----------
ChIJd7IpO6hZwokRSeui6FKfz4s
40.745966,-73.993850
175 West 26th Street, New York, NY 10001, United States
40.745854,-73.993933
28.544260
40.745775,-73.993745
-23.2369454073
40.745814,-73.993839
-3.72739753297
40.745893,-73.994027
61.0047778861
40.745933,-73.994121
80.2164295148
40.746164,-73.994155
129.827417
40.745999,-73.994277
95.1080363448
40.746085,-73.994214
112.621244199
40.746243,-73.994097
145.228138663
40.746323,-73.994039
157.431477054
4b1ff2eaf964a520372b24e3
40.745897,-73.993990
175 W 26th St, New York, NY 10001
40.745882,-73.994001
28.538306
40.745803,-73.993813
-55.7880837692
40.745843,-73.993907
-50.040963573
40.745922,-73.994095
106.723485679
40.745961,-73.994189
112.445601167
40.746164,-73.994155
154.146435
40.746036,-73.994365
115.385632514
40.746102,-73.994201
141.249602823
40.746226,-73.994109
163.918682537
40.746289,-73.994064
171.210583662
----------
ChIJ0SGxzbFZwokR0vdLe0TLybo
40.749669,-73.995590
401 8th Ave, New York, NY 10001, United States
40.749767,-73.995519
208.392979
40.749846,-73.995707
152.668935394
40.749806,-73.995613
172.125829178
40.749728,-73.995425
244.274306292
40.749688,-73.995331
263.745839584
40.749576,-73.995370
-61.465240
40.749741,-73.995249
253.785289653
40.749659,-73.995310
-87.9392195329
40.749493,-73.995430
-35.32801297
40.749411,-73.995490
-17.0339379583
4b6241d9f964a520ed3e2ae3
40.749769,-73.995167
401 8th Ave, New York, NY 10001
40.749789,-73.995214
118.469439
40.749624,-73.995335
40.7790421133
40.749707,-73.995275
52.1375387824
40.749871,-73.995153
185.153679876
40.749954,-73.995092
196.39749847
40.749576,-73.995370
38.012143
40.749594,-73.995108
-15.0051967514
40.749554,-73.995386
37.1196211695
40.749714,-73.995393
71.6450297345
40.749754,-73.995488
85.8002357329
----------
ChIJ2YFTRKVZwokRMXjsgPnxNC0
40.747371,-73.992389
156 W 29th St, New York, NY 10001, United States
40.747574,-73.992238
208.786496
40.747654,-73.992426
173.703688355
40.747614,-73.992332
189.486738524
40.747534,-73.992144
228.133809937
40.747494,-73.992051
243.809309037
40.747575,-73.992241
208.124423
40.747655,-73.992428
173.343385165
40.747615,-73.992335
188.969631151
40.747535,-73.992147
227.574253393
40.747495,-73.992054
243.348809282
4b8eb673f964a5209a3233e3
40.747757,-73.992314
156 W 29th St, New York, NY 10001
40.747642,-73.992399
28.776453
40.747562,-73.992211
-22.5266149483
40.747602,-73.992305
-3.16307314761
40.747682,-73.992493
60.5010505757
40.747722,-73.992586
79.7260365939
40.747575,-73.992241
-17.529755
40.747528,-73.992130
-32.0525258108
40.747551,-73.992185
-26.0807991204
40.747599,-73.992296
-5.46063330302
40.747622,-73.992352
11.4205075176
----------
ChIJi-fiIatZwokRF6AAmEzT4DI
40.754525,-73.986093
126 W 41st St, New York, NY 10036, United States
40.754738,-73.985936
208.543724
40.754817,-73.986124
174.771637894
40.754778,-73.986030
190.122908999
40.754699,-73.985842
227.050984577
40.754659,-73.985748
242.274951437
40.754675,-73.985785
236.753637
40.754750,-73.985963
203.136566265
40.754712,-73.985874
221.010108249
40.754637,-73.985697
248.926674598
40.754600,-73.985608
257.880039817
4a942c31f964a520a02020e3
40.754857,-73.985784
126 W 41st St, New York, NY 10036
40.754717,-73.985887
28.538307
40.754638,-73.985699
-17.1202540146
40.754678,-73.985793
1.5007439143
40.754757,-73.985980
55.5464623012
40.754797,-73.986074
74.041015433
40.754675,-73.985785
-0.375501
40.754611,-73.985633
-25.6049008374
40.754643,-73.985709
-15.5016218821
40.754707,-73.985861
20.673097267
40.754739,-73.985937
43.8985272339
----------
ChIJ9XyQ5h5awokRx3Sa-xR-I7M
40.716014,-74.009928
153 Chambers St, New York, NY 10007, United States
40.715871,-74.010043
30.861700
40.715786,-74.009857
-13.8866614097
40.715829,-74.009950
4.51331103251
40.715914,-74.010135
57.0453390376
40.715957,-74.010228
75.3764875411
40.715869,-74.010036
28.918853
40.715783,-74.009852
-14.6999949237
40.715826,-74.009944
3.1034241634
40.715911,-74.010128
55.3804286778
40.715954,-74.010221
74.2234462797
4afadcc5f964a5201d1922e3
40.715928,-74.010098
153 Chambers St, New York, NY 10007
40.715905,-74.010116
30.824712
40.715820,-74.009930
-50.2633957231
40.715862,-74.010023
-41.6285183733
40.715948,-74.010208
102.875496856
40.715991,-74.010301
111.543491432
40.715869,-74.010036
-38.921657
40.715850,-74.009997
-45.3503905957
40.715859,-74.010016
-42.7584371133
40.715878,-74.010056
-32.9512873093
40.715887,-74.010076
-22.8971619605
----------
ChIJY0mHUKdZwokRaXBjndkuwFM
40.740881,-73.983485
61 Lexington Ave, New York, NY 10010, United States
40.740959,-73.983674
117.634145
40.740792,-73.983793
68.6350661118
40.740876,-73.983733
87.7607052929
40.741042,-73.983615
147.886977497
40.741126,-73.983555
167.005558592
40.740936,-73.983690
108.755172
40.740773,-73.983807
65.5599929453
40.740853,-73.983750
81.3442344185
40.741020,-73.983631
140.673895773
40.741103,-73.983571
162.85394737
4adf6059f964a520067a21e3
40.740868,-73.983564
61 Lexington Ave, New York, NY 10010
40.740924,-73.983700
117.639743
40.740773,-73.983807
62.1539622902
40.740840,-73.983759
78.7793106262
40.741007,-73.983640
156.782519347
40.741090,-73.983581
176.105410231
40.740936,-73.983690
124.626856
40.740773,-73.983807
62.1539622902
40.740854,-73.983749
83.8475508643
40.741018,-73.983632
160.248439881
40.741100,-73.983574
177.474413692
----------
ChIJkXKOZZhZwokRglKiLl0MBEQ
40.735572,-73.992111
7 E 14th St, New York, NY 10003, United States
40.735410,-73.992232
28.889839
40.735329,-73.992045
-12.3667812818
40.735369,-73.992139
5.26127509012
40.735450,-73.992326
52.5524930742
40.735490,-73.992420
70.0434025581
40.735607,-73.992694
93.881537
40.735563,-73.992591
87.9785539606
40.735585,-73.992643
91.2120917348
40.735629,-73.992745
96.0938406793
40.735651,-73.992796
97.9588148657
4ace226df964a52094ce20e3
40.735477,-73.992251
7 E 14th St, New York, NY 10003
40.735432,-73.992284
28.863973
40.735352,-73.992097
-43.7448049937
40.735392,-73.992190
-29.0444993176
40.735472,-73.992378
86.3156223925
40.735512,-73.992471
101.12938221
40.735607,-73.992694
110.472411
40.735585,-73.992641
109.278529292
40.735596,-73.992668
109.913440789
40.735619,-73.992720
110.964991413
40.735630,-73.992747
111.402286182
----------
ChIJ-xfOQFZYwokROGWYKv80ym0
40.761522,-73.984824
214 W 50th St, New York, NY 10019, United States
40.761697,-73.984696
208.431632
40.761776,-73.984884
169.163446351
40.761736,-73.984790
186.215815249
40.761657,-73.984602
230.557009079
40.761618,-73.984508
247.545684607
40.761694,-73.984690
210.057543
40.761773,-73.984878
170.010685463
40.761734,-73.984784
187.488769704
40.761655,-73.984595
231.96543211
40.761615,-73.984501
248.558838811
4b437348f964a5208de025e3
40.761993,-73.984010
214 W 50th St, New York, NY 10019
40.761907,-73.983786
-63.777944
40.762081,-73.983701
248.71459942
40.761992,-73.983729
269.658530879
40.761822,-73.983843
-37.2917207656
40.761738,-73.983901
-18.6948770543
40.761694,-73.984690
59.286607
40.761621,-73.984516
45.2730908203
40.761658,-73.984603
52.6742872816
40.761731,-73.984777
65.1394969332
40.761767,-73.984864
70.1824562229
----------
ChIJVwck7CRYwokRbI7_w65zXts
40.774100,-74.019975
4100 Park Ave #6, Weehawken, NJ 07086, United States
40.774438,-74.020774
118.466532
40.774270,-74.020893
103.060338946
40.774355,-74.020834
110.691793672
40.774520,-74.020713
126.195934429
40.774603,-74.020652
133.670701904
40.774348,-74.020839
110.021420
40.774171,-74.020947
94.8722623977
40.774262,-74.020898
102.376081733
40.774431,-74.020779
117.803739864
40.774514,-74.020718
125.580721978
4ba8d361f964a52013f239e3
40.773846,-74.020685
4100 Park Ave, Weehawken, NJ 07086
40.773951,-74.021056
109.736634
40.773769,-74.021145
76.9377089971
40.773860,-74.021101
91.8796168456
40.774042,-74.021011
127.693896898
40.774133,-74.020966
142.68967321
40.774348,-74.020839
166.247504
40.774257,-74.020901
157.549543753
40.774299,-74.020873
161.804152787
40.774399,-74.020803
170.181497834
40.774447,-74.020767
173.454974626
----------
ChIJP3tRfllYwokRfL82yEVQ8gQ
40.768452,-73.988810
852 10th Ave, New York, NY 10019, United States
40.768372,-73.988869
28.774186
40.768292,-73.988682
-32.0846717754
40.768332,-73.988775
-13.1041713894
40.768412,-73.988963
70.2960366467
40.768463,-73.989031
93.0464121293
40.768535,-73.988980
121.967547
40.768370,-73.989097
68.7697889491
40.768446,-73.989043
87.4668618019
40.768617,-73.988920
152.398338536
40.768699,-73.988861
170.41157729
4b48e4b4f964a520275c26e3
40.768484,-73.989106
852 10th Ave, New York, NY 10019
40.768475,-73.989112
28.110708
40.768396,-73.988925
-58.0014282347
40.768436,-73.989018
-54.6594779998
40.768514,-73.989206
110.788860214
40.768553,-73.989300
114.388086051
40.768535,-73.988980
241.552639
40.768640,-73.988904
223.915456322
40.768587,-73.988942
229.740044997
40.768411,-73.988959
-57.2395908489
40.768374,-73.988874
-58.7444118453
----------
ChIJg3YcnehYwokRwWeyHwutHW8
40.762354,-73.963323
1171 2nd Ave, New York, NY 10065, United States
40.762269,-73.963125
-61.215653
40.762433,-73.963002
251.371884312
40.762351,-73.963064
-89.8052462746
40.762187,-73.963186
-32.552745881
40.762105,-73.963248
-13.5981256311
40.762265,-73.963128
-59.883231
40.762429,-73.963006
252.145931979
40.762347,-73.963067
-88.5594518925
40.762183,-73.963189
-31.4525976527
40.762101,-73.963251
-12.9760121037
4bf6e37b4a67c9284b9d22cf
40.762268,-73.963084
1171 2nd Ave, New York, NY 10065
40.762282,-73.963116
118.756380
40.762118,-73.963238
37.335244886
40.762200,-73.963177
45.3285277377
40.762364,-73.963054
192.672982555
40.762446,-73.962993
200.640204138
40.762265,-73.963128
85.020177
40.762120,-73.963237
37.4372009221
40.762192,-73.963182
44.0633372449
40.762338,-73.963074
185.681228959
40.762538,-73.963090
178.324132327
----------
ChIJz6WrNJRZwokRYCbwzyXRu90
40.765353,-73.977915
130 W 58th St, New York, NY 10019, United States
40.765478,-73.977822
208.841254
40.765558,-73.978010
159.990016865
40.765518,-73.977916
179.121104908
40.765438,-73.977728
238.451884168
40.765398,-73.977635
257.486762187
40.765483,-73.977835
204.212744
40.765562,-73.978020
158.526985605
40.765523,-73.977927
176.203881718
40.765444,-73.977742
234.637208484
40.765404,-73.977650
255.042721448
4a804390f964a520d3f41fe3
40.765509,-73.977938
130 W 58th St, New York, NY 10019
40.765523,-73.977928
208.729488
40.765603,-73.978115
124.205889928
40.765563,-73.978022
129.648671972
40.765483,-73.977834
-72.4168703096
40.765443,-73.977741
-66.930158144
40.765483,-73.977835
-72.565520
40.765510,-73.977897
267.67073652
40.765496,-73.977866
-77.8050026275
40.765470,-73.977804
-69.7146903693
40.765457,-73.977773
-68.0593061603
----------
ChIJNZvR1v5YwokRIQ51q9sLlEg
40.756562,-73.980778
36 W 46th St, New York, NY 10036, United States
40.756724,-73.980660
208.398196
40.756803,-73.980848
166.909204101
40.756763,-73.980754
184.531211262
40.756685,-73.980566
232.058831212
40.756645,-73.980472
249.631672293
40.756743,-73.980704
196.640417
40.756818,-73.980883
162.002456395
40.756780,-73.980793
176.242633166
40.756705,-73.980615
220.230063644
40.756668,-73.980525
240.501507815
4bd5ac15637ba593eec0f670
40.756827,-73.980877
34-36 W 46th St, New York, NY 10036
40.756818,-73.980884
28.211839
40.756739,-73.980696
-58.1318226364
40.756779,-73.980790
-54.501218792
40.756858,-73.980978
111.032900248
40.756897,-73.981072
114.576352414
40.756743,-73.980704
-57.982386
40.756749,-73.980718
-57.6712463419
40.756746,-73.980711
-57.8334037014
40.756740,-73.980697
-58.1218176173
40.756737,-73.980690
-58.236726061
----------
ChIJGzv5K6FYwokRD0twgX5Goew
40.787767,-73.954100
1392 Madison Ave, New York, NY 10129, United States
40.787664,-73.953849
-62.285841
40.787830,-73.953730
256.641292511
40.787747,-73.953789
-85.8650095479
40.787581,-73.953909
-38.6983293202
40.787498,-73.953968
-21.0736637207
40.787648,-73.953860
-57.630913
40.787813,-73.953742
259.792658359
40.787730,-73.953801
-81.5223826176
40.787566,-73.953919
-35.0000379772
40.787484,-73.953978
-18.7655536348
4bcde593511f9521b462b5c7
40.787801,-73.953738
1392 Madison Ave, New York, NY 10029
40.787805,-73.953748
117.552946
40.787639,-73.953867
30.4925972226
40.787722,-73.953808
33.056700206
40.787904,-73.953677
203.577862114
40.787971,-73.953628
205.531229929
40.787648,-73.953860
30.643126
40.787624,-73.953878
30.2718045857
40.787636,-73.953869
30.4404226583
40.787660,-73.953852
30.8568728282
40.787672,-73.953843
31.1238767939
----------
ChIJ_SsigVhYwokRFjZ2i9XNgMo
40.767599,-73.983317
314 W 58th St, New York, NY 10019, United States
40.767760,-73.983196
209.023519
40.767840,-73.983383
167.563539904
40.767800,-73.983290
185.247327148
40.767720,-73.983102
232.843035087
40.767679,-73.983009
250.397970538
40.767765,-73.983208
205.740348
40.767845,-73.983393
166.045382208
40.767805,-73.983301
182.799841114
40.767725,-73.983115
229.897276959
40.767685,-73.983022
248.264357303
4c0933fd32daef3b8a6b4b50
40.767574,-73.983178
314 W 58th St, New York, NY 10019
40.767709,-73.983077
209.028551
40.767789,-73.983264
162.37620967
40.767749,-73.983171
181.151470344
40.767669,-73.982984
236.727987236
40.767634,-73.982903
253.391107012
40.767765,-73.983208
172.446909
40.767823,-73.983343
152.629161426
40.767794,-73.983275
160.740564571
40.767736,-73.983140
189.337464347
40.767707,-73.983073
210.333479662
----------
ChIJyR0vmdVYwokRkveV7B1g1WQ
40.749815,-73.939406
27-20 Queens Plaza S, Long Island City, NY 11101, United States
40.749941,-73.939298
212.246700
40.750021,-73.939487
162.740492786
40.749981,-73.939392
182.868604882
40.749901,-73.939203
240.082229477
40.749862,-73.939109
257.548963081
40.749943,-73.939302
211.084394
40.750023,-73.939491
162.112155168
40.749983,-73.939396
181.823354914
40.749903,-73.939208
239.001844988
40.749864,-73.939114
256.929931475
4bbfd41d920eb713241b182c
40.749972,-73.939426
2720 Queens Plz S, Long Island City, NY 11101
40.749990,-73.939413
208.591890
40.750070,-73.939600
125.640644568
40.750030,-73.939507
132.555449036
40.749950,-73.939319
-75.6680841927
40.749911,-73.939225
-68.7588822344
40.749943,-73.939302
-73.500540
40.750133,-73.939247
219.506955351
40.750011,-73.939297
247.496477885
40.749929,-73.939270
-70.897554884
40.749655,-73.939154
-33.8556868528
----------
ChIJyYNkTq1ZwokR86f9ksQO43M
40.756302,-73.993910
520 9th Ave, New York, NY 10018, United States
40.756441,-73.993807
208.738112
40.756521,-73.993994
163.009559561
40.756481,-73.993901
181.627351021
40.756401,-73.993713
235.803870926
40.756361,-73.993620
254.456959003
40.756394,-73.994143
116.712004
40.756225,-73.994267
73.5622261432
40.756311,-73.994203
91.7293527534
40.756476,-73.994082
142.53888803
40.756552,-73.994068
153.648030412
4bb54a862ea195211d52aa2f
40.756352,-73.994139
520 9th Ave, New York, NY 10018
40.756363,-73.994165
118.467383
40.756198,-73.994286
35.3563394251
40.756281,-73.994226
42.2004666078
40.756445,-73.994104
195.059698634
40.756549,-73.994062
195.823988961
40.756394,-73.994143
175.474061
40.756317,-73.994199
52.1223974303
40.756356,-73.994171
97.8373206977
40.756432,-73.994114
192.504267083
40.756478,-73.993893
235.369481082
----------
ChIJ0SGxzbFZwokRYye_Km7vdzU
40.749214,-73.984924
2 W 35th St #1, New York, NY 10001, United States
40.749411,-73.984780
208.399236
40.749490,-73.984968
172.47128757
40.749451,-73.984874
188.485513218
40.749372,-73.984686
228.284493086
40.749332,-73.984592
244.20711259
40.749324,-73.984572
247.058377
40.749392,-73.984735
218.256370393
40.749358,-73.984653
234.336767091
40.749290,-73.984491
256.382983784
40.749256,-73.984409
263.256297487
4bb2565deb3e9521ebe3c90a
40.749319,-73.984590
2 W 35th St, New York, NY 10001
40.749329,-73.984583
208.346979
40.749407,-73.984771
122.061017451
40.749368,-73.984677
125.853289619
40.749289,-73.984489
-69.4007763594
40.749250,-73.984395
-65.602749229
40.749458,-73.984891
120.566301
40.749450,-73.984873
120.720445359
40.749454,-73.984882
120.642446345
40.749462,-73.984900
120.498708307
40.749466,-73.984910
120.43361662
----------
ChIJQ2yZEfVZwokRBuGO6LrMSl0
40.720841,-74.008628
137 Hudson St, New York, NY 10013, United States
40.720822,-74.008441
-83.095887
40.721019,-74.008406
222.786996003
40.720921,-74.008423
242.252339795
40.720723,-74.008458
-48.3373566327
40.720635,-74.008453
-33.4894854479
40.720844,-74.008437
268.368591
40.721040,-74.008402
220.160354619
40.720942,-74.008420
236.856232207
40.720746,-74.008454
-54.9989983395
40.720630,-74.008446
-33.8998184492
4ac3898bf964a520b09b20e3
40.720795,-74.008239
137 Hudson St, New York, NY 10013
40.720709,-74.008225
-7.434328
40.720759,-74.008052
-76.494229525
40.720725,-74.008127
-51.0950662537
40.720700,-74.008325
33.9442706326
40.720687,-74.008464
57.176555029
40.720844,-74.008437
107.215879
40.720646,-74.008471
49.2898670648
40.720747,-74.008454
73.0423909859
40.720941,-74.008420
135.999442754
40.721038,-74.008403
152.153778855
----------
ChIJ6WweX4hYwokRnX1_cqhucUE
40.780560,-73.979779
321 Amsterdam Ave, New York, NY 10023, United States
40.780398,-73.979895
27.816020
40.780321,-73.979707
-13.6233934639
40.780359,-73.979801
4.05595606448
40.780437,-73.979989
51.6322413973
40.780475,-73.980083
69.1908383874
40.780721,-73.980098
122.883232
40.780558,-73.980218
88.9907319677
40.780639,-73.980158
104.74902083
40.780803,-73.980038
140.272651489
40.780884,-73.979978
154.339995139
4de13986d4c040523eb8ae8f
40.780678,-73.980211
321 Amsterdam Ave, New York, NY 10023
40.780652,-73.980149
-61.516752
40.780817,-73.980027
224.511261336
40.780734,-73.980088
238.172454208
40.780570,-73.980210
-1.10848829934
40.780487,-73.980270
12.5562888928
40.780721,-73.980098
242.753794
40.780827,-73.980020
223.625415737
40.780774,-73.980059
229.611612348
40.780668,-73.980137
-80.6579036155
40.780466,-73.980061
-28.8866637176
----------
ChIJPfEXn4JYwokR0JxHrRpP_1w
40.785603,-73.973062
508 Columbus Ave, New York, NY 10024, United States
40.785539,-73.972909
-62.006266
40.785705,-73.972789
243.257779029
40.785622,-73.972849
262.711556997
40.785456,-73.972968
-26.4987690604
40.785372,-73.973027
-7.20877623127
40.785542,-73.972907
-63.289048
40.785708,-73.972786
242.728898396
40.785625,-73.972847
261.710221502
40.785458,-73.972966
-27.4152685262
40.785375,-73.973025
-7.64013626491
4dcdab66d164679b8cec6a1b
40.785371,-73.973082
475 Columbus Ave, New York, NY 10024
40.785354,-73.973040
-62.634663
40.785514,-73.972927
218.813181145
40.785438,-73.972981
228.428774566
40.785271,-73.973099
6.65559722993
40.785170,-73.973137
11.0103236618
40.784449,-73.973715
26.885435
40.784474,-73.973452
16.7236576197
40.784442,-73.973720
26.8941978594
40.784456,-73.973710
26.8793335413
40.784632,-73.973825
36.7203240739
----------
ChIJW1phM5tZwokRRUf3eOzmzkE
40.748791,-73.986897
35 W 33rd St, New York, NY 10018, United States
40.748607,-73.987034
28.828115
40.748527,-73.986847
-8.90306531431
40.748567,-73.986940
7.71714430109
40.748647,-73.987128
49.9540279267
40.748687,-73.987221
66.4675847284
40.748586,-73.986985
17.325351
40.748510,-73.986807
-14.4146350124
40.748548,-73.986896
-0.894350449755
40.748624,-73.987074
38.2734492421
40.748662,-73.987164
56.9126249027
4be1ab0a8c2bc9b62b9b420b
40.748627,-73.987035
35 W 33rd St, New York, NY 10001
40.748612,-73.987046
28.872707
40.748532,-73.986859
-55.3574573823
40.748572,-73.986952
-49.5264245804
40.748652,-73.987140
106.753879447
40.748692,-73.987233
112.644753694
40.748586,-73.986985
-43.594348
40.748572,-73.986953
-49.4060458852
40.748579,-73.986969
-47.0007770955
40.748593,-73.987001
-37.7528582776
40.748600,-73.987017
-27.1643945129
----------
ChIJs47EKRhawokRTNgkRYiQcwU
40.709357,-74.009047
21-23 Maiden Ln, New York, NY 10038, United States
40.709318,-74.009124
55.944090
40.709175,-74.008974
-17.5758834943
40.709247,-74.009049
0.182932763235
40.709384,-74.009204
101.981515479
40.709449,-74.009285
116.438299871
40.709319,-74.009126
57.267301
40.709176,-74.008976
-17.3726182234
40.709248,-74.009050
0.710898767061
40.709385,-74.009206
102.399449866
40.709451,-74.009286
116.576719349
4b421ff5f964a52030cd25e3
40.709181,-74.009412
21 Maiden Ln, New York, NY 10038
40.709125,-74.009314
-54.072598
40.709272,-74.009170
243.126187878
40.709198,-74.009242
261.697734902
40.709052,-74.009386
-9.27997412642
40.708978,-74.009458
9.23525316276
40.709319,-74.009126
236.918022
40.709451,-74.009286
198.896011899
40.709385,-74.009206
216.906672459
40.709248,-74.009050
255.708411107
40.709176,-74.008975
-89.8183483536
----------
ChIJFdlGXhFawokR7lPqXwaGirc
40.705203,-74.014112
11 Broadway, New York, NY 10004, United States
40.705125,-74.013917
-62.909864
40.705288,-74.013795
249.912213315
40.705208,-74.013857
267.999547628
40.705036,-74.013962
-34.963594812
40.704942,-74.013996
-19.2567404521
40.705265,-74.013813
254.095670
40.705385,-74.013715
238.277876251
40.705325,-74.013764
244.574560485
40.705202,-74.013861
269.717290933
40.705134,-74.013911
-66.3109533373
4b44a049f964a5201cf825e3
40.704912,-74.014013
Bowling Green, New York, NY 10004
40.704914,-74.014017
119.642540
40.704739,-74.014112
22.8202719022
40.704828,-74.014069
26.0243084344
40.705002,-74.013974
197.42060295
40.705096,-74.013938
196.660334144
40.703584,-74.013860
-5.653869
40.703582,-74.013661
-12.0126935504
40.703583,-74.013761
-8.86339094069
40.703585,-74.013959
-2.40728525439
40.703586,-74.014058
0.853266805956
----------
ChIJ74Vd3ANZwokRg586Y9hQO0M
40.750747,-73.977010
370 Lexington Ave, New York, NY 10017, United States
40.750928,-73.976881
207.728748
40.751007,-73.977069
169.61506965
40.750967,-73.976975
186.260325141
40.750887,-73.976788
229.612100502
40.750847,-73.976695
246.749345045
40.750665,-73.976631
-74.780420
40.750811,-73.976614
257.279627082
40.750748,-73.976572
269.09111464
40.750581,-73.976689
-56.4914451153
40.750498,-73.976748
-39.3333088945
4c19158f4ff90f4724640f49
40.750841,-73.976912
370 Lexington Ave, New York, NY 10017
40.750916,-73.976855
209.346514
40.750996,-73.977043
146.648032499
40.750956,-73.976949
165.749077376
40.750875,-73.976761
252.578504153
40.750835,-73.976668
-88.7550542968
40.750665,-73.976631
-51.207229
40.750826,-73.976518
-87.7654137497
40.750745,-73.976574
-70.2250253595
40.750584,-73.976687
-34.3528957761
40.750504,-73.976743
-21.4812796015
----------
ChIJo0NYr7NZwokRfmCez0tn-tM
40.754509,-73.998343
455 W 34th St #2, New York, NY 10001, United States
40.754465,-73.998225
-64.456094
40.754618,-73.998096
239.183237781
40.754545,-73.998161
254.657228318
40.754371,-73.998282
-19.280793878
40.754295,-73.998336
-2.11680290892
40.754324,-73.998533
37.439904
40.754211,-73.998396
7.04682750962
40.754287,-73.998444
18.3695211128
40.754364,-73.998628
55.5156547746
40.754404,-73.998722
69.2651597932
4b64bfb7f964a52016cd2ae3
40.754357,-73.998380
453 W 34th St, New York, NY 10001
40.754329,-73.998311
-62.429585
40.754498,-73.998200
223.432874577
40.754402,-73.998243
246.061279397
40.754246,-73.998371
-4.26037904984
40.754162,-73.998430
10.2500534305
40.754140,-73.998102
-44.992288
40.754328,-73.998078
-83.4522637041
40.754250,-73.998132
-61.1966485894
40.754087,-73.998231
-23.4469380752
40.754007,-73.998273
-13.769754594
----------
ChIJFf5p_VJYwokR89wyQzF9GhE
40.760956,-73.997758
555 W 42nd St #14, New York, NY 10036, United States
40.760692,-73.997951
28.405112
40.760613,-73.997763
0.00642923650132
40.760652,-73.997857
13.2890360805
40.760731,-73.998045
43.5182932518
40.760771,-73.998139
56.7348873828
40.760676,-73.997912
22.071591
40.760599,-73.997728
-4.26995330159
40.760637,-73.997820
7.79484888821
40.760714,-73.998004
37.1042103573
40.760753,-73.998096
51.0169642088
4e8b53ccb63423c021112afb
40.760582,-73.998025
555 W 42nd St, New York, NY 10036
40.760690,-73.997946
208.389356
40.760769,-73.998134
155.396851357
40.760729,-73.998040
174.885727259
40.760650,-73.997852
241.810923082
40.760611,-73.997758
261.179649014
40.760676,-73.997912
221.765102
40.760755,-73.998101
160.854678709
40.760715,-73.998007
185.34192243
40.760636,-73.997818
250.385520014
40.760597,-73.997723
265.701699029
----------
ChIJf2wDyphZwokRsWXWkbCegPk
40.734257,-73.988995
113 E 14th St, New York, NY 10003, United States
40.734088,-73.989119
28.410575
40.734009,-73.988931
-11.7108382925
40.734048,-73.989025
5.6217326239
40.734127,-73.989213
51.3140755331
40.734167,-73.989307
68.4734127047
40.734115,-73.989184
44.624121
40.734036,-73.988997
-0.343807397723
40.734076,-73.989090
21.1233071134
40.734154,-73.989278
63.8200865953
40.734194,-73.989371
76.8579349385
4f4fe5e54fc6504b6ef34bd1
40.734234,-73.989122
113 E 14th St, New York, NY 10003
40.734123,-73.989203
28.382612
40.734044,-73.989015
-23.8212625626
40.734083,-73.989109
-4.39015120403
40.734162,-73.989297
61.0326718513
40.734202,-73.989391
80.3701633992
40.734115,-73.989184
20.863521
40.734038,-73.989001
-25.800621305
40.734077,-73.989093
-8.71920545277
40.734153,-73.989275
54.6730738442
40.734192,-73.989367
76.5474116951
----------
ChIJXUGyV2lXwokRFyULhHpgIH4
40.748911,-74.047622
413 Central Ave, Jersey City, NJ 07307, United States
40.748821,-74.047398
-62.936920
40.748989,-74.047281
252.640123049
40.748905,-74.047340
-89.0209514503
40.748737,-74.047456
-36.5185575664
40.748653,-74.047515
-18.1861107038
40.748822,-74.047398
-62.973764
40.748990,-74.047281
252.506011802
40.748906,-74.047339
-89.2101340126
40.748738,-74.047456
-36.7584324615
40.748654,-74.047514
-18.307934305
4c41f3dbda3dc92819b1c9b9
40.748866,-74.047405
413 Central Ave, Jersey City, NJ 07307
40.748854,-74.047375
-62.997638
40.749022,-74.047258
214.948202305
40.748938,-74.047317
222.383136919
40.748770,-74.047433
12.0704706341
40.748686,-74.047492
19.5385208625
40.748822,-74.047398
-7.845636
40.748905,-74.047340
231.277403648
40.748863,-74.047368
-85.475538721
40.748780,-74.047427
10.155410932
40.748739,-74.047455
16.1226572417
----------
ChIJkbReQj1awokRR09BHvAEr-8
40.707689,-74.005905
112 John St, New York, NY 10038, United States
40.707734,-74.005837
228.528664
40.707913,-74.005990
163.278259135
40.707802,-74.005914
175.796913933
40.707666,-74.005759
-79.1617738244
40.707597,-74.005684
-61.8041313656
40.707673,-74.005767
-82.127343
40.707982,-74.005818
192.071533852
40.707724,-74.005826
238.923364892
40.707619,-74.005708
-65.4957808686
40.707564,-74.005649
-57.8485645445
4ba23faef964a520f2e637e3
40.707873,-74.005863
112 John St, New York, NY 10038
40.707944,-74.005913
151.145141
40.707898,-74.006025
100.993772329
40.707898,-74.006025
100.993772329
40.707982,-74.005818
196.689766974
40.708021,-74.005724
215.055367409
40.707673,-74.005767
-20.684181
40.707647,-74.005738
-23.4745340368
40.707658,-74.005750
-22.4827345856
40.707688,-74.005784
-18.6291926899
40.707703,-74.005801
-16.1119620281
----------
ChIJuTcAGfpYwokRyr8U4EmnvQQ
40.763000,-73.976582
42 W 56th St, New York, NY 10019, United States
40.763139,-73.976481
208.297388
40.763217,-73.976669
162.356544082
40.763178,-73.976575
180.99646267
40.763100,-73.976387
235.425848417
40.763060,-73.976293
253.995604162
40.763138,-73.976479
208.984218
40.763216,-73.976667
162.610802225
40.763177,-73.976573
181.470835971
40.763098,-73.976385
236.002892807
40.763059,-73.976291
254.362377443
4ae9d2eff964a520c8b621e3
40.762926,-73.976719
42 W 56th St, New York, NY 10019
40.763165,-73.976545
208.282268
40.763244,-73.976733
177.440196268
40.763202,-73.976632
192.794101971
40.763126,-73.976451
224.888405294
40.763087,-73.976357
239.044833926
40.763138,-73.976479
220.104483
40.763217,-73.976668
186.868386867
40.763177,-73.976574
203.048800676
40.763098,-73.976384
235.215970637
40.763059,-73.976290
247.183785258
----------
ChIJiVXw_rxYwokRhqtJQJhLuYg
40.778683,-73.956384
1256 Lexington Ave, New York, NY 10028, United States
40.778616,-73.956225
-61.608246
40.778781,-73.956104
244.701017498
40.778698,-73.956164
264.052233771
40.778533,-73.956286
-27.26216191
40.778451,-73.956346
-7.72959513049
40.778624,-73.956219
-65.350814
40.778790,-73.956097
243.298543613
40.778707,-73.956158
261.463684867
40.778541,-73.956280
-29.8459329399
40.778458,-73.956341
-8.9847150778
4aefa3eef964a520bbd921e3
40.778629,-73.956191
1256 Lexington Ave, New York, NY 10028
40.778637,-73.956209
118.332927
40.778472,-73.956331
33.4436437948
40.778555,-73.956270
38.2651537635
40.778720,-73.956149
198.921211045
40.778828,-73.956103
197.876432091
40.778624,-73.956219
75.430898
40.778492,-73.956316
34.1178863627
40.778558,-73.956267
38.7196857072
40.778690,-73.956171
193.649325092
40.778879,-73.956224
173.568711013
----------
ChIJcXhciqhZwokRZj7fKaFI4o8
40.751853,-73.991315
224 W 35th St, New York, NY 10001, United States
40.752086,-73.991144
208.454743
40.752165,-73.991332
176.995893618
40.752125,-73.991238
191.488709815
40.752046,-73.991050
225.49446437
40.752007,-73.990956
239.885221022
40.752086,-73.991145
208.284554
40.752165,-73.991332
176.900620813
40.752126,-73.991239
191.349236104
40.752047,-73.991051
225.363530402
40.752007,-73.990957
239.782633757
522a195411d2d6ed50413961
40.752011,-73.991253
224 W 35th St, New York, NY 10001
40.752103,-73.991185
208.431350
40.752182,-73.991373
151.327696592
40.752143,-73.991279
170.861742093
40.752064,-73.991091
246.181517254
40.752024,-73.990997
265.460963541
40.752086,-73.991145
226.697303
40.752165,-73.991331
158.176734516
40.752125,-73.991238
185.030781049
40.752047,-73.991052
256.078695321
40.752008,-73.990958
-89.8914435898
----------
ChIJcXhciqhZwokRkNO2EVFvTTk
40.758379,-73.991880
351 W 42nd St, New York, NY 10036, United States
40.758171,-73.992031
28.301268
40.758092,-73.991843
-6.25172357261
40.758132,-73.991937
9.29982434475
40.758210,-73.992125
47.1629073671
40.758249,-73.992219
62.6680720287
40.758147,-73.991974
16.496594
40.758072,-73.991795
-12.5487949302
40.758110,-73.991884
0.0700392643829
40.758184,-73.992063
34.9677313474
40.758222,-73.992153
52.1761690161
4b589b8cf964a520f26028e3
40.758122,-73.992033
351 W 42nd St, New York, NY 10036
40.758160,-73.992005
208.301193
40.758239,-73.992193
133.142240812
40.758199,-73.992099
146.38822104
40.758121,-73.991911
-89.9170476842
40.758082,-73.991817
-76.8393868326
40.758147,-73.991974
239.977363
40.758220,-73.992147
137.631641511
40.758183,-73.992061
160.442410432
40.758111,-73.991887
-84.9407339167
40.758075,-73.991800
-75.6798514561
----------
ChIJwXI8Fb5ZwokR12Aozo9XpeQ
40.739234,-74.001976
244-6 W 14th St, New York, NY 10011, United States
40.739449,-74.001820
208.153463
40.739527,-74.002008
174.570394041
40.739488,-74.001914
189.84994655
40.739410,-74.001726
226.578581237
40.739371,-74.001632
241.736230191
40.736249,-73.994186
-63.913934
40.736263,-73.994220
-63.9240576237
40.736256,-73.994203
-63.9189266603
40.736242,-73.994169
-63.9092069369
40.736235,-73.994153
-63.90491003
4ab7c7e4f964a520c67a20e3
40.739518,-74.002161
244 W 14th St, New York, NY 10011
40.739574,-74.002121
208.173593
40.739652,-74.002309
139.256587318
40.739613,-74.002215
155.868239001
40.739535,-74.002027
259.988743498
40.739496,-74.001933
-83.3564178826
40.739442,-74.001803
-75.055573
40.739470,-74.001871
-78.3828420337
40.739456,-74.001837
-76.5121112454
40.739428,-74.001769
-73.8116300002
40.739414,-74.001735
-72.8127395255
----------
ChIJ089kKhlawokRNhNbGTrfXIc
40.714354,-74.009485
51 Murray Street, New York, NY 10007, United States
40.714160,-74.009635
29.925308
40.714077,-74.009449
-6.35818195855
40.714119,-74.009542
9.74394097484
40.714202,-74.009728
49.8945666387
40.714243,-74.009821
65.9480960193
40.714131,-74.009569
15.358491
40.714053,-74.009395
-13.4524826559
40.714092,-74.009482
-1.1122253404
40.714170,-74.009656
34.5612166365
40.714208,-74.009743
52.7801247327
4cc752f612bd9521a3b2beab
40.714129,-74.009731
51 Murray St, New York, NY 10007
40.714184,-74.009688
209.926113
40.714267,-74.009874
141.040719067
40.714225,-74.009781
157.758906442
40.714142,-74.009595
261.981211359
40.714101,-74.009502
-81.4930115567
40.714131,-74.009569
268.470358
40.714184,-74.009688
209.880554925
40.714157,-74.009629
249.226629592
40.714104,-74.009509
-82.3123155573
40.714078,-74.009450
-77.1589309412
----------
ChIJeTyyQMv3wokRcGICEX_yW3I
40.760112,-74.023091
1200 Harbor Blvd, Union City, NJ 07087, United States
40.760594,-74.023035
184.418591
40.760665,-74.023189
171.670077158
40.760630,-74.023112
177.587420247
40.760594,-74.023035
184.418591296
40.760594,-74.023035
184.418591296
40.759771,-74.022316
-60.562447
40.759932,-74.022189
-75.9422559784
40.759852,-74.022253
-68.4196380147
40.759690,-74.022378
-52.7165080053
40.759608,-74.022440
-45.1249481719
4ba90ceef964a520f9063ae3
40.760230,-74.022682
1200 Harbor Blvd, Weehawken, NJ 07086
40.760594,-74.023035
142.972319
40.760615,-74.023081
141.165651475
40.760605,-74.023058
142.03259181
40.760594,-74.023035
142.972319311
40.760849,-74.022771
173.12172088
40.759771,-74.022316
-31.866026
40.759906,-74.022210
-48.5346510924
40.759838,-74.022263
-39.7556064586
40.759703,-74.022367
-25.0825424606
40.759636,-74.022419
-19.2419606584
----------
ChIJ5YLImgRZwokRhknPgbcfyFU
40.748321,-73.973615
739 2nd Ave, New York, NY 10016, United States
40.748218,-73.973373
-61.328378
40.748382,-73.973250
256.906518789
40.748300,-73.973311
-85.4469390943
40.748136,-73.973434
-37.3226155128
40.748054,-73.973495
-19.5144859779
40.748250,-73.973349
-71.318841
40.748414,-73.973226
251.795681538
40.748332,-73.973288
266.777354428
40.748168,-73.973410
-46.1528821909
40.748085,-73.973471
-25.5548880152
4b72c99ef964a520a5882de3
40.748361,-73.973289
739 2nd Ave, New York, NY 10016
40.748354,-73.973272
-61.455847
40.748537,-73.973171
206.359723766
40.748436,-73.973210
217.958030242
40.748272,-73.973333
19.7005185532
40.748190,-73.973394
24.2557404153
40.748250,-73.973349
21.591540
40.748254,-73.973345
21.2483560164
40.748252,-73.973347
21.4145349479
40.748248,-73.973350
21.7283835751
40.748245,-73.973352
21.8743767477
----------
ChIJz6WrNJRZwokRdA_joi5Yi6A
40.737186,-73.995823
47 W 14th St, New York, NY 10011, United States
40.736997,-73.995962
28.507079
40.736918,-73.995774
-8.51922209305
40.736957,-73.995868
7.89407469873
40.737036,-73.996056
49.1769754783
40.737076,-73.996150
65.4810549193
40.736970,-73.995897
13.981329
40.736896,-73.995722
-15.4783564843
40.736933,-73.995810
-2.95875244428
40.737006,-73.995985
33.8137652681
40.737043,-73.996073
52.4457902811
4bd5c6f56798ef3bcfee638d
40.737033,-73.996016
47-49 W 14th St, New York, NY 10011
40.737023,-73.996023
28.325416
40.736944,-73.995836
-57.5707692852
40.736983,-73.995930
-53.4783085998
40.737062,-73.996117
110.071843326
40.737102,-73.996211
114.197001853
40.736996,-73.995959
-49.873837
40.736990,-73.995947
-51.7267237789
40.736993,-73.995953
-50.8477302975
40.736998,-73.995966
-48.505652524
40.737001,-73.995972
-46.9400935863
----------
ChIJNV8VaexXwokR7Pd4d-Wq0Ik
40.785551,-74.045694
700 Plaza Dr, Secaucus, NJ 07094, United States
40.785394,-74.045849
36.261555
40.785266,-74.045670
-4.25787959453
40.785344,-74.045760
12.9479533039
40.785444,-74.045940
59.7318770825
40.785508,-74.046019
79.5323652469
40.786359,-74.046321
148.838255
40.786232,-74.046442
139.520354288
40.786295,-74.046384
144.189580712
40.786424,-74.046259
153.170079942
40.786488,-74.046197
157.182742366
4c61707f12e5c9287f8f214c
40.785586,-74.045706
700 Plaza Dr, Secaucus, NJ 07094
40.785411,-74.045879
36.282102
40.785310,-74.045701
-1.45962897831
40.785364,-74.045797
16.6249916521
40.785464,-74.045968
57.7932914708
40.785531,-74.046038
76.9765021428
40.786359,-74.046321
148.208739
40.786231,-74.046443
138.411446116
40.786294,-74.046384
143.326572048
40.786424,-74.046259
152.753112706
40.786489,-74.046196
156.953455902
----------
ChIJm6ahjlBYwokRBwXjtmINnBY
40.765033,-73.991974
747 10th Ave, New York, NY 10019, United States
40.764827,-73.992125
28.404863
40.764748,-73.991937
-6.30344888843
40.764788,-73.992031
9.34790426983
40.764867,-73.992219
47.5447102235
40.764906,-73.992313
63.0910546996
40.765053,-73.991535
265.995071
40.765359,-73.991474
228.741741592
40.765128,-73.991482
255.071708463
40.764978,-73.991588
-79.9955367754
40.764903,-73.991642
-63.3771643719
4b64763ef964a52024b52ae3
40.764855,-73.991781
747 10th Ave, New York, NY 10019
40.764822,-73.991699
-62.493034
40.764989,-73.991581
228.05414222
40.764905,-73.991640
244.193475896
40.764739,-73.991758
-9.12914259628
40.764677,-73.991767
-4.00933829656
40.765053,-73.991535
222.736778
40.765112,-73.991493
219.765042042
40.765082,-73.991514
221.074524243
40.765023,-73.991556
224.77563674
40.764994,-73.991577
227.48351171
----------
ChIJMRsGEQRZwokRiOQ4IPWzUMc
40.748278,-73.976018
581 3rd Ave, New York, NY 10016, United States
40.748157,-73.976106
28.374011
40.748078,-73.975918
-21.5263095924
40.748118,-73.976012
-2.2989728496
40.748196,-73.976200
58.8139003811
40.748256,-73.976292
83.3299560155
40.748349,-73.976225
113.475784
40.748183,-73.976346
68.4654349384
40.748266,-73.976285
85.8652575933
40.748432,-73.976165
143.444970354
40.748515,-73.976104
163.84334315
4bb3779ea32876b006b801fe
40.748406,-73.976073
581 3rd Ave, New York, NY 10016
40.748441,-73.976158
117.940968
40.748229,-73.976277
40.636587221
40.748358,-73.976218
65.9110749922
40.748524,-73.976098
170.070515888
40.748607,-73.976038
186.814990174
40.748349,-73.976225
62.940057
40.748169,-73.976135
10.6201260824
40.748295,-73.976264
51.906800318
40.748403,-73.976186
87.2620723825
40.748457,-73.976147
131.536199895
----------
ChIJNxrWroVZwokR2BzXEwJdVWk
40.721918,-73.984379
250 E Houston St, New York, NY 10002, United States
40.721739,-73.984477
21.905645
40.721675,-73.984273
-18.9530782441
40.721708,-73.984381
-0.330018562652
40.721769,-73.984574
44.1654746753
40.721799,-73.984670
61.0323950965
40.722038,-73.985419
97.941797
40.721893,-73.985418
87.5411188637
40.721903,-73.985449
88.2465423338
40.722065,-73.985484
99.2734734986
40.722075,-73.985507
99.69747019
4b650324f964a52062df2ae3
40.721604,-73.984372
250 E Houston St, New York, NY 10002
40.721579,-73.984385
20.928586
40.721521,-73.984191
-59.5259051557
40.721550,-73.984288
-50.5188525368
40.721608,-73.984482
92.2156149688
40.721637,-73.984579
101.258276358
40.722038,-73.985419
117.908561
40.721910,-73.985501
108.926424495
40.721906,-73.985476
109.130098596
40.722044,-73.985433
117.916833067
40.722050,-73.985447
117.925273466
----------
ChIJDypTGOX3wokRM5hd1ClUawo
40.807316,-74.017523
8101 Tonnelle Ave, North Bergen, NJ 07047, United States
40.807321,-74.017334
267.398454
40.807521,-74.017343
213.020139395
40.807421,-74.017339
232.476671444
40.807229,-74.017307
-62.736341466
40.807198,-74.017266
-59.4954485041
40.806786,-74.016731
-49.261079
40.806938,-74.016601
-62.2786901151
40.806862,-74.016666
-55.7579831794
40.806711,-74.016797
-42.9782742496
40.806636,-74.016865
-36.9839108208
4e4ddeaebd4101d0d79d2c56
40.807316,-74.017185
8101 Tonnelle Ave, North Bergen, NJ 07047
40.807325,-74.017178
208.757738
40.807422,-74.017339
131.404004746
40.807365,-74.017272
125.824435887
40.807285,-74.017084
-68.354491372
40.807245,-74.016991
-64.8528460793
40.806786,-74.016731
-33.684430
40.806922,-74.016615
-48.3177979849
40.806854,-74.016673
-40.7250832902
40.806718,-74.016790
-27.275070208
40.806651,-74.016851
-21.5109355191
----------
ChIJUVaUtBlfwokRVhi9zh8XCfs
40.751895,-73.909621
51-22 Northern Blvd, Woodside, NY 11377, United States
40.752125,-73.909669
170.307104
40.752101,-73.909868
136.933398959
40.752113,-73.909769
152.0554936
40.752137,-73.909569
188.502249768
40.752176,-73.909540
191.620601234
40.752983,-73.909742
174.459272
40.752969,-73.909942
166.491149533
40.752976,-73.909842
170.459066859
40.752990,-73.909650
178.122442744
40.753004,-73.909543
182.333268329
4bba44d07421a5932299c340
40.752309,-73.909789
51-00 Northern Blvd, Woodside, NY 11377
40.752286,-73.909785
-7.842317
40.752305,-73.909585
-89.1201962585
40.752295,-73.909685
-80.8657623379
40.752277,-73.909885
65.3120675395
40.752276,-73.909892
66.4201594203
40.753028,-73.909364
203.482415
40.753007,-73.909524
195.398164751
40.753021,-73.909422
200.698014674
40.753038,-73.909284
207.081856717
40.753049,-73.909203
210.358347677
----------
ChIJj1R6jAL2wokRdWuE9v6YuCI
40.790313,-73.945252
1885 3rd Ave, New York, NY 10029, United States
40.790155,-73.945367
28.309643
40.790076,-73.945179
-13.8408101453
40.790115,-73.945273
3.97494342784
40.790194,-73.945461
52.5084702253
40.790233,-73.945555
70.2490136861
40.790411,-73.945510
115.739914
40.790246,-73.945586
74.5553361418
40.790328,-73.945571
92.8804137664
40.790494,-73.945449
139.666236652
40.790577,-73.945388
157.863566478
4bf2c9c86991c9b6b87e29e9
40.790436,-73.945508
1885 3rd Ave, New York, NY 10029
40.790431,-73.945495
-61.464188
40.790596,-73.945374
211.824323576
40.790514,-73.945434
215.132104608
40.790349,-73.945556
21.7740189029
40.790250,-73.945594
18.7676161622
40.790411,-73.945510
2.892569
40.790467,-73.945468
223.169566935
40.790439,-73.945489
256.816321815
40.790383,-73.945530
17.0680590199
40.790328,-73.945779
61.5709766355
----------
ChIJvY0XQR9awokR4hZ53ypnGfE
40.716361,-74.004956
90 Worth St, New York, NY 10013, United States
40.716444,-74.004891
210.165493
40.716528,-74.005077
150.537620941
40.716486,-74.004984
169.76133354
40.716403,-74.004798
250.339544625
40.716361,-74.004705
269.470657421
40.716389,-74.004768
258.130927
40.716454,-74.004912
199.313042315
40.716421,-74.004840
234.989095365
40.716357,-74.004696
-89.4040261062
40.716154,-74.004647
-49.3656108937
4c055667f56c2d7f34811f66
40.716309,-74.005014
90 Worth St, New York, NY 10013
40.716450,-74.004903
210.140404
40.716534,-74.005089
165.076715364
40.716492,-74.004996
183.611947669
40.716408,-74.004810
236.808215293
40.716366,-74.004717
255.170432958
40.716389,-74.004768
246.088982
40.716464,-74.004934
200.878080085
40.716426,-74.004851
225.957550133
40.716352,-74.004685
259.645644199
40.716177,-74.004627
-66.5195464524
----------
ChIJiZh1wRBawokRt6LAGvi8fEk
40.708538,-74.013621
106 Greenwich St #1, New York, NY 10006, United States
40.708482,-74.013388
-73.055624
40.708668,-74.013309
240.582662966
40.708575,-74.013348
259.220274749
40.708389,-74.013427
-45.3460531068
40.708295,-74.013466
-26.6012846856
40.708491,-74.013384
-76.090112
40.708678,-74.013305
239.186217577
40.708584,-74.013344
256.950865676
40.708397,-74.013423
-47.6587993395
40.708304,-74.013462
-27.9809263794
4aec28cdf964a5206bc521e3
40.707791,-74.013155
Rector St., New York, NY 10004
40.707827,-74.013136
201.542885
40.707887,-74.013329
125.19552601
40.707857,-74.013233
137.536440542
40.707797,-74.013039
265.20238276
40.707766,-74.012942
-82.0059066419
40.707971,-74.013602
117.224279
40.707789,-74.013678
89.1259979333
40.707880,-74.013640
102.948870272
40.708062,-74.013564
130.378354063
40.708152,-74.013526
141.382415522
----------
ChIJe2px4JdZwokRBPGz-YJFX7E
40.734124,-73.986311
153 3rd Ave, New York, NY 10003, United States
40.734212,-73.986519
118.417487
40.734047,-73.986641
72.3641573015
40.734130,-73.986580
90.9609676443
40.734295,-73.986459
145.968441565
40.734377,-73.986398
164.663588683
40.734208,-73.986522
117.042527
40.734043,-73.986644
71.6263196576
40.734126,-73.986583
89.7811397361
40.734291,-73.986462
144.857308598
40.734373,-73.986401
163.9991547
4b5616a5f964a520c8ff27e3
40.734283,-73.986611
153 3rd Ave, New York, NY 10003
40.734237,-73.986502
-61.593351
40.734402,-73.986380
235.309606896
40.734319,-73.986441
253.725933678
40.734154,-73.986562
-16.7817899244
40.734072,-73.986623
1.77458465261
40.734208,-73.986522
-42.789145
40.734359,-73.986411
242.699216348
40.734284,-73.986467
269.025002557
40.734133,-73.986578
-10.143074607
40.734057,-73.986634
3.69250202592
----------
ChIJifQHpz9fwokRFG6X4AGbbXg
40.763495,-73.915059
30-9 Steinway St, Astoria, NY 11103, United States
40.763467,-73.914930
-74.656258
40.763656,-73.914858
222.838989964
40.763561,-73.914894
241.421935281
40.763373,-73.914966
-30.7442014146
40.763278,-73.915002
-12.0182522335
40.763605,-73.915232
129.270445
40.763451,-73.915359
78.2910806127
40.763528,-73.915296
99.5938798024
40.763682,-73.915168
155.380932985
40.763759,-73.915104
171.866679039
4b5fcdc9f964a52052cd29e3
40.763585,-73.915289
3009 Steinway St, Astoria, NY 11103
40.763571,-73.915260
-58.658742
40.763729,-73.915129
219.41082631
40.763650,-73.915195
227.127801142
40.763492,-73.915325
15.761607474
40.763413,-73.915391
23.4531753997
40.763585,-73.915248
269.291687
40.763728,-73.915130
219.467623632
40.763657,-73.915189
225.954632172
40.763514,-73.915307
10.2603210296
40.763442,-73.915366
21.6369282331
----------
ChIJxUzQKkZawokRszBhQhxN5uU
40.695072,-73.994823
117 Montague St, Brooklyn, NY 11201, United States
40.694952,-73.994881
19.415208
40.694898,-73.994686
-31.5480448706
40.694925,-73.994784
-12.1572818125
40.694979,-73.994978
51.1077260899
40.695006,-73.995076
70.3251888629
40.694949,-73.994868
15.008902
40.694895,-73.994676
-33.0179308189
40.694922,-73.994772
-15.1458813048
40.694975,-73.994965
47.3568577409
40.695002,-73.995061
68.0906728187
4b5f5329f964a5201bb429e3
40.694980,-73.994804
115 Montague St, Brooklyn, NY 11201
40.694936,-73.994825
19.389207
40.694883,-73.994630
-54.3072935968
40.694910,-73.994727
-40.2089965501
40.694963,-73.994922
78.8199338682
40.694990,-73.995020
92.901395357
40.694953,-73.994887
66.513476
40.694913,-73.994739
-37.1029724482
40.694933,-73.994813
7.27315316885
40.694974,-73.994961
86.4683351307
40.694994,-73.995035
94.0288002119
----------
ChIJYZB-E7hbwokRLiL6-1_g7Ss
40.693005,-73.969948
400 Myrtle Ave, Brooklyn, NY 11205, United States
40.693020,-73.969810
261.384347
40.693217,-73.969848
199.186477093
40.693135,-73.969831
213.740857498
40.692921,-73.969791
-55.6595118596
40.692823,-73.969773
-36.8400371196
40.693139,-73.969986
167.143386
40.693145,-73.970179
127.805231342
40.693142,-73.970082
142.579884939
40.693167,-73.969837
206.736855665
40.693133,-73.969795
221.572919215
4c3dec8883a3a5932956ed33
40.693096,-73.969849
400 Myrtle Ave, Brooklyn, NY 11205
40.693099,-73.969824
261.454519
40.693296,-73.969863
176.208536649
40.693197,-73.969843
181.692418007
40.693000,-73.969806
-19.5299682713
40.692902,-73.969788
-14.1670362611
40.693139,-73.969986
111.863607
40.692981,-73.969802
-17.7991231933
40.693140,-73.970019
108.218889385
40.693243,-73.969853
178.229996272
40.693329,-73.969870
175.391980987
----------
ChIJryHmo4RXwokRnQNErG4N2Vs
40.768109,-74.040710
2010 John F. Kennedy Blvd, Union City, NJ 07087, United States
40.768225,-74.041021
115.495931
40.768054,-74.041132
79.5897536683
40.768139,-74.041076
95.5847048074
40.768310,-74.040965
135.478807975
40.768393,-74.040910
151.274235016
40.767885,-74.041234
60.034172
40.767706,-74.041138
38.3002954854
40.767826,-74.041268
55.6111573324
40.767947,-74.041299
69.5576868622
40.767979,-74.041385
75.2028606266
4c0313a4f423a5938cd0cf16
40.768127,-74.040685
2010 Kennedy Blvd, Union City, NJ 07087
40.768247,-74.041006
115.453090
40.768076,-74.041117
80.5384220963
40.768161,-74.041062
96.2406621888
40.768333,-74.040951
134.903269252
40.768414,-74.040892
150.62531649
40.767885,-74.041234
59.276271
40.767706,-74.041137
38.5779381633
40.767827,-74.041267
55.1972810037
40.767948,-74.041300
68.4104959022
40.767980,-74.041386
73.9402889527
----------
ChIJi2GleYpYwokRv0iMK4k_KyM
40.777714,-73.982605
2045 Broadway, New York, NY 10023, United States
40.777603,-73.982367
-59.217507
40.777771,-73.982254
257.260050345
40.777687,-73.982310
-83.7419033894
40.777524,-73.982432
-35.2821940601
40.777444,-73.982497
-17.6159202849
40.777589,-73.982379
-54.613243
40.777753,-73.982266
260.656815686
40.777670,-73.982321
-79.2686310725
40.777510,-73.982443
-31.8356674792
40.777431,-73.982507
-15.4663943324
4b296e88f964a520c99e24e3
40.777568,-73.982254
2045 Broadway, New York, NY 10023
40.777564,-73.982184
-86.271364
40.777763,-73.982163
198.798528076
40.777664,-73.982174
211.926480527
40.777471,-73.982190
-27.1711433871
40.777364,-73.982192
-13.6314323543
40.777589,-73.982379
101.787753
40.777433,-73.982506
54.1085286886
40.777511,-73.982442
67.6224882958
40.777672,-73.982320
153.62473515
40.777757,-73.982264
177.028339095
----------
ChIJZeSXmopZwokRJVn_5bW-jKg
40.719180,-74.004305
297 Church St, New York, NY 10013, United States
40.719281,-74.004529
120.035906
40.719120,-74.004655
76.6262711718
40.719200,-74.004592
94.6598549985
40.719361,-74.004465
145.433668772
40.719442,-74.004402
163.603128954
40.719270,-74.004537
116.397461
40.719108,-74.004664
74.6580227124
40.719189,-74.004601
91.6905628492
40.719351,-74.004474
142.490395866
40.719432,-74.004410
161.75422602
4b2287cff964a5206f4824e3
40.719369,-74.004581
297 Church St, New York, NY 10013
40.719329,-74.004491
-59.963556
40.719490,-74.004364
233.076079354
40.719410,-74.004428
250.169869881
40.719248,-74.004554
-10.2109324228
40.719168,-74.004618
7.2344374682
40.719270,-74.004537
-19.288631
40.719426,-74.004277
255.515374366
40.719326,-74.004493
-57.7603535178
40.719214,-74.004581
-0.62122380373
40.719158,-74.004625
8.38288249846
----------
ChIJNTOxfxRawokRzvP1KOxR2qA
40.703264,-74.011093
28 Water St, New York, NY 10004, United States
40.703083,-74.011010
-19.875019
40.703134,-74.010814
-59.1886045028
40.703108,-74.010912
-42.146628239
40.703057,-74.011108
2.42608873058
40.703031,-74.011206
19.5470069569
40.703085,-74.011001
-21.933502
40.703137,-74.010805
-60.5053626522
40.703111,-74.010903
-44.0238910254
40.703059,-74.011099
0.653590525646
40.703033,-74.011197
18.3154932477
4b3a446af964a520526325e3
40.703039,-74.011154
15 S William St, New York, NY 10004
40.703044,-74.011156
160.412246
40.702994,-74.011352
72.5721134547
40.703019,-74.011254
74.405425139
40.703070,-74.011058
246.365055162
40.703096,-74.010961
248.286790121
40.704605,-74.010541
195.937394
40.704551,-74.010634
194.010079902
40.704580,-74.010582
195.138536917
40.704628,-74.010504
196.659707349
40.704650,-74.010472
197.211352802
----------
ChIJu02QG1RYwokRbDgMukbe5o8
40.760379,-73.987905
765 8th Ave, New York, NY 10036, United States
40.760548,-73.987781
208.568906
40.760627,-73.987969
168.245536692
40.760587,-73.987875
185.571093444
40.760508,-73.987687
231.397112718
40.760468,-73.987594
248.654310263
40.760241,-73.987586
-60.914002
40.760422,-73.987484
261.651576277
40.760323,-73.987524
-79.6549029467
40.760159,-73.987648
-42.3260421109
40.760078,-73.987710
-26.8940968767
555e5062498ede07560c8d91
40.760367,-73.987522
765 8th Ave, New York, NY 10036
40.760357,-73.987499
-60.942224
40.760523,-73.987379
214.339706451
40.760439,-73.987438
220.971492203
40.760275,-73.987560
16.9650094665
40.760193,-73.987622
23.0468582159
40.760241,-73.987586
20.545615
40.760250,-73.987580
19.8467649046
40.760245,-73.987583
20.2020494119
40.760237,-73.987589
20.8105605423
40.760233,-73.987592
21.0986078327
----------
ChIJ5WSb8btYwokRrzGQegnoEik
40.776416,-73.953060
1613 2nd Ave, New York, NY 10075, United States
40.776365,-73.952939
-61.820813
40.776530,-73.952818
237.432340246
40.776448,-73.952879
256.349220568
40.776283,-73.952999
-19.6929759356
40.776200,-73.953060
-0.703954635078
40.776362,-73.952942
-59.560309
40.776526,-73.952821
238.034928124
40.776444,-73.952882
257.616485641
40.776280,-73.953002
-18.7003945002
40.776197,-73.953062
-0.345243853378
522ca86211d20dc0c48b7064
40.776243,-73.952620
2nd Ave., New York, NY 10028
40.776459,-73.952460
208.681227
40.776539,-73.952647
175.289343348
40.776499,-73.952554
190.470070806
40.776419,-73.952366
226.890700904
40.776380,-73.952272
241.992571691
40.776254,-73.953020
91.443730
40.776099,-73.953133
69.1083586949
40.776177,-73.953077
78.5046140416
40.776331,-73.952964
108.028267364
40.776409,-73.952907
126.519835301
----------
ChIJjV9TlSP2wokRP2ekEFxXgiY
40.801167,-73.958057
301 Cathedral Pkwy #3, New York, NY 10026, United States
40.801068,-73.957820
-62.001459
40.801245,-73.957726
252.115800932
40.801151,-73.957760
-86.6006321043
40.800985,-73.957880
-37.1455908138
40.800902,-73.957940
-19.2095800391
40.800819,-73.958657
51.942772
40.800652,-73.958491
31.9975632444
40.800780,-73.958568
44.3846635814
40.800854,-73.958748
58.4967928286
40.800889,-73.958839
64.2194704027
4d8907b4d85f37040f5ededb
40.800960,-73.957815
301 W 110th St Frnt 3, New York, NY 10026
40.800987,-73.957879
118.047949
40.800796,-73.957985
37.4462822774
40.800904,-73.957939
58.6409563984
40.801070,-73.957819
177.812475825
40.801153,-73.957759
191.821305245
40.803229,-73.952622
239.415351
40.803402,-73.952700
237.182532227
40.803308,-73.952697
238.201907841
40.803118,-73.952512
241.144994655
40.803069,-73.952549
241.527184827
----------
ChIJjYxsO3VZwokRQgptvB45AZU
40.734158,-73.980854
317 1st Avenue, New York, NY 10003, United States
40.734048,-73.980593
-61.736911
40.734214,-73.980473
258.499480703
40.734131,-73.980533
-84.3070036925
40.733967,-73.980653
-39.3996900612
40.733883,-73.980714
-21.7996914248
40.734045,-73.980596
-60.751822
40.734210,-73.980475
259.118993924
40.734127,-73.980536
-83.4899949994
40.733967,-73.980653
-39.3996900612
40.733880,-73.980716
-21.3038609704
4c3fb5ced691c9b6f9368a0a
40.734012,-73.980526
317 1st Ave, New York, NY 10003
40.734042,-73.980598
118.274853
40.733877,-73.980719
46.6121241621
40.733967,-73.980653
64.4213246188
40.734125,-73.980538
174.853893005
40.734207,-73.980477
190.08047916
40.734045,-73.980596
121.196615
40.733881,-73.980716
47.0506263926
40.733967,-73.980653
64.4213246188
40.734127,-73.980536
175.58806876
40.734209,-73.980476
190.272570258
----------
ChIJ_cpTnvZewokRVqU5Ac-TPbA
40.727537,-73.893139
69-79 Grand Ave, Maspeth, NY 11378, United States
40.727388,-73.892968
-41.824406
40.727492,-73.892790
-81.1237165979
40.727441,-73.892880
-64.7546642506
40.727331,-73.893054
-18.184720041
40.727273,-73.893140
-0.606792443668
40.727410,-73.892933
-51.757556
40.727510,-73.892757
-85.4506793472
40.727461,-73.892844
-72.0766769081
40.727353,-73.893020
-26.9626258431
40.727296,-73.893107
-6.55362661537
4c432f14a5c5ef3bb8b0b06f
40.727390,-73.892899
69-79 Grand Ave, Maspeth, NY 11378
40.727416,-73.892924
142.231670
40.727304,-73.893095
59.3678456233
40.727360,-73.893009
69.8797284629
40.727467,-73.892835
211.846262299
40.727516,-73.892746
222.015148209
40.727410,-73.892933
127.350638
40.727297,-73.893107
58.6390532636
40.727353,-73.893020
67.6484626333
40.727461,-73.892844
209.582022485
40.727510,-73.892758
221.131192524
----------
ChIJuxucWxhRwokRgxy4qj1lW5c
40.708803,-74.086351
Student Center Food Court, 2039 Kennedy Blvd, New Jersey City University, Jersey City, NJ 07305, United States
40.708752,-74.086276
-48.604012
40.708895,-74.086130
240.685915616
40.708821,-74.086199
260.595643704
40.708684,-74.086354
0.433317662753
40.708618,-74.086431
17.6670066815
40.700938,-74.088641
11.899033
40.700842,-74.088520
11.1199609579
40.700890,-74.088581
11.5083920689
40.700986,-74.088702
12.2952995025
40.701033,-74.088763
12.6944816977
4e4ced16bd413c4cc66d490e
40.708826,-74.086521
2039 John F Kennedy Blvd, Jersey City, NJ 07305
40.708706,-74.086330
-50.999198
40.708856,-74.086165
263.17194915
40.708773,-74.086251
-76.1422283389
40.708638,-74.086407
-25.3013639414
40.708571,-74.086486
-6.53934723106
40.708987,-74.086052
245.136569
40.709099,-74.085965
236.634161967
40.709038,-74.086010
240.748449153
40.708938,-74.086092
250.467341711
40.708890,-74.086135
257.155728026
----------
ChIJK0xdR0VYwokR1QU0nvsTLks
40.767193,-73.994191
600 W 52nd St, New York, NY 10019, United States
40.767300,-73.994109
209.633640
40.767382,-73.994296
156.45336825
40.767341,-73.994203
175.957682379
40.767259,-73.994016
243.097949948
40.767217,-73.993923
262.524578081
40.767321,-73.994158
190.244435
40.767395,-73.994325
152.49876306
40.767358,-73.994242
166.193694735
40.767284,-73.994074
223.58008842
40.767247,-73.993990
249.745891101
4b993a17f964a520776b35e3
40.767137,-73.993703
735 11th Ave, New York, NY 10019
40.767130,-73.993723
63.089068
40.767059,-73.993554
-56.0545513808
40.767077,-73.993762
36.3570175517
40.767183,-73.993683
197.183820366
40.767204,-73.993893
114.365030258
40.767032,-73.993796
33.337697
40.767003,-73.993818
32.4770398147
40.767018,-73.993807
32.8535969248
40.767047,-73.993785
34.003229092
40.767212,-73.993910
114.787663403
----------
ChIJBU1JySxYwokRczPXZJz6iaU
40.760274,-74.023126
1200 Harbor Blvd, Weehawken, NJ 07086, United States
40.760594,-74.023035
191.572751
40.760671,-74.023201
171.153417355
40.760633,-74.023118
180.309961177
40.760594,-74.023035
191.572750712
40.760594,-74.023035
191.572750712
40.759771,-74.022316
-51.388311
40.759928,-74.022192
-64.6429175044
40.759849,-74.022254
-57.9947407919
40.759692,-74.022376
-45.0506626422
40.759613,-74.022437
-39.0500235672
4ba90ceef964a520f9063ae3
40.760230,-74.022682
1200 Harbor Blvd, Weehawken, NJ 07086
40.760594,-74.023035
142.972319
40.760615,-74.023081
141.165651475
40.760605,-74.023058
142.03259181
40.760594,-74.023035
142.972319311
40.760849,-74.022771
173.12172088
40.759771,-74.022316
-31.866026
40.759906,-74.022210
-48.5346510924
40.759838,-74.022263
-39.7556064586
40.759703,-74.022367
-25.0825424606
40.759636,-74.022419
-19.2419606584
----------
ChIJE6wSfSf2wokRLYnTvoN9Fl8
40.792515,-73.967400
731 Columbus Ave, New York, NY 10025, United States
40.792645,-73.967711
118.158116
40.792480,-73.967832
83.2046667504
40.792562,-73.967772
98.8529829462
40.792728,-73.967651
137.462669837
40.792810,-73.967591
153.203245748
40.792656,-73.967703
120.876683
40.792492,-73.967823
85.1820612182
40.792574,-73.967763
101.370575866
40.792738,-73.967643
139.709719923
40.792820,-73.967583
154.824120767
4bedd7592c082d7f3d972f42
40.792527,-73.967739
731 Columbus Ave, New York, NY 10025
40.792546,-73.967784
118.102099
40.792381,-73.967904
39.976329648
40.792450,-73.967854
47.822297066
40.792628,-73.967723
186.030317334
40.792711,-73.967663
196.735587801
40.792656,-73.967703
191.264243
40.792623,-73.967727
184.651444687
40.792640,-73.967715
188.413891463
40.792673,-73.967691
193.335186195
40.792689,-73.967679
194.996717179
----------
ChIJQ0eDfKhbwokRaRKNnirx678
40.676567,-73.971741
375 Flatbush Ave, Brooklyn, NY 11238, United States
40.676479,-73.971952
60.714393
40.676314,-73.971832
14.5859304224
40.676397,-73.971892
33.3027176697
40.676562,-73.972011
87.8834428374
40.676644,-73.972071
106.46335787
40.676476,-73.971950
59.571855
40.676311,-73.971830
14.1350320936
40.676394,-73.971890
32.5355656719
40.676559,-73.972009
86.9741426917
40.676641,-73.972069
105.887834202
4bd0850077b29c74fbe58a82
40.676531,-73.972024
375 Flatbush Ave, Brooklyn, NY 11238
40.676542,-73.971997
240.693180
40.676707,-73.972117
157.5453287
40.676625,-73.972057
164.348187035
40.676459,-73.971937
-43.2305908873
40.676377,-73.971877
-36.5501705022
40.676476,-73.971950
-46.617946
40.676544,-73.971999
235.110387782
40.676510,-73.971974
-61.8049468248
40.676439,-73.972002
-10.850586364
40.676447,-73.972034
4.42391085529
----------
ChIJcXhciqhZwokR-x6iSio_V24
40.751190,-73.992497
One Penn Plz, Penn Station, New York, NY 10019, United States
40.750964,-73.992663
28.588144
40.750885,-73.992475
-3.7364977423
40.750924,-73.992569
11.0138548633
40.751004,-73.992757
46.0158380176
40.751043,-73.992851
60.7252561918
40.749551,-73.993081
14.509199
40.749476,-73.992906
9.63469558262
40.749514,-73.992993
12.02841105
40.749588,-73.993169
17.042346979
40.749624,-73.993258
19.6260358522
4aef3eb9f964a520e3d621e3
40.751329,-73.992785
1 Penn Plz, New York, NY 10119
40.751090,-73.992961
28.585658
40.751010,-73.992773
-2.23039018843
40.751050,-73.992867
11.9950322952
40.751129,-73.993055
45.1532581955
40.751169,-73.993149
59.3164117361
40.750965,-73.992667
-14.536137
40.750915,-73.992547
-24.2490985417
40.750940,-73.992607
-19.8538122719
40.750991,-73.992726
-8.15971109229
40.751016,-73.992786
-0.490527102095
----------
ChIJca-4WTFXwokRHeWv6uvv-Bc
40.721133,-74.095291
701 NJ-440 #50, Jersey City, NJ 07304, United States
40.720991,-74.094884
-66.047970
40.721177,-74.094771
263.087309137
40.721078,-74.094831
-81.67148239
40.720898,-74.094943
-48.9870237595
40.720819,-74.094994
-36.3112651425
40.720965,-74.094900
-61.162521
40.721137,-74.094795
268.756366129
40.721051,-74.094848
-76.944481012
40.720880,-74.094955
-45.8905017819
40.720796,-74.095009
-33.0844646522
4d99cf1aa2c654814fce0f54
40.720972,-74.095196
Route 440, Jersey City, NJ 07305
40.720861,-74.094967
-58.240657
40.721025,-74.094864
257.620307823
40.720945,-74.094912
-83.5338868251
40.720777,-74.095022
-34.7337945047
40.720696,-74.095083
-17.953054347
40.722003,-74.092733
240.586763
40.722147,-74.092748
237.169682699
40.722082,-74.092789
238.186339551
40.721946,-74.092768
241.614251907
40.721775,-74.092529
247.825559253
----------
ChIJJ_TtybhYwokRMAd7mzknsUE
40.784343,-73.952261
1434 Lexington Ave, New York, NY 10128, United States
40.784274,-73.952098
-61.696768
40.784439,-73.951977
245.302819226
40.784357,-73.952038
264.732278637
40.784192,-73.952159
-27.846499396
40.784109,-73.952219
-8.38340994001
40.784270,-73.952101
-59.713228
40.784435,-73.951981
246.081033152
40.784352,-73.952041
266.133717982
40.784188,-73.952162
-26.656600643
40.784106,-73.952222
-7.82312219384
4c2248eb13c00f47273d87de
40.784309,-73.952058
1434 Lexington Ave, New York, NY 10128
40.784314,-73.952069
118.218051
40.784149,-73.952190
31.4261244846
40.784231,-73.952130
34.3932982682
40.784396,-73.952008
202.625052899
40.784479,-73.951948
205.525287652
40.784270,-73.952101
39.483858
40.784223,-73.952136
33.8076778302
40.784246,-73.952119
35.6631001921
40.784294,-73.952084
51.71941984
40.784318,-73.952066
143.05223693
----------
ChIJp1L0GGr2wokRQlDHynMPZH4
40.815245,-73.958172
578 W 125th St, New York, NY 10027, United States
40.815338,-73.957987
235.785098
40.815492,-73.958122
188.075932456
40.815415,-73.958054
207.056039755
40.815261,-73.957919
264.501370019
40.815173,-73.957871
-73.2155619
40.815154,-73.957867
-69.347738
40.815274,-73.957930
260.382235613
40.815208,-73.957852
-82.0790555068
40.815097,-73.957829
-61.0086496985
40.815044,-73.957783
-56.400795201
4b704707f964a520800f2de3
40.815326,-73.958171
578 W 125th St, New York, NY 10027
40.815394,-73.958036
235.794617
40.815548,-73.958171
179.318991517
40.815471,-73.958103
198.810506632
40.815317,-73.957968
-87.4137948927
40.815240,-73.957900
-68.0206867129
40.815154,-73.957867
-54.085481
40.815227,-73.957679
-75.921356645
40.815201,-73.957826
-65.1265196303
40.815114,-73.957844
-50.1437111267
40.815078,-73.957813
-48.2888533774
----------
ChIJxdQHsv1awokRj8kLKWx2XQU
40.669583,-73.985676
423 5th Ave, Brooklyn, NY 11216, United States
40.669688,-73.985587
212.169927
40.669807,-73.985783
159.43713368
40.669733,-73.985678
178.64187397
40.669644,-73.985495
245.591657526
40.669599,-73.985403
264.966349063
40.669702,-73.985870
128.322302
40.669547,-73.985998
81.0112807083
40.669624,-73.985934
101.267552353
40.669791,-73.985796
155.523184157
40.669857,-73.985741
169.039120156
4b4d0d5ef964a52044c926e3
40.669604,-73.985753
5th Avenue, Brooklyn, NY 11215
40.669672,-73.985895
121.353525
40.669514,-73.986026
65.8509494419
40.669593,-73.985960
85.3145094835
40.669751,-73.985829
157.735405103
40.669830,-73.985764
177.271648139
40.659669,-73.995169
35.160053
40.659564,-73.994995
34.3699955541
40.659616,-73.995082
34.7647321577
40.659722,-73.995256
35.5556301635
40.659774,-73.995343
35.9508602784
----------
ChIJG0f45K1bwokRM8ekUseMxh0
40.684386,-73.978901
572 Atlantic Ave, Brooklyn, NY 11217, United States
40.684566,-73.978772
207.858735
40.684644,-73.978960
169.427544621
40.684605,-73.978866
186.293637491
40.684528,-73.978678
229.539797338
40.684489,-73.978583
246.252760688
40.684567,-73.978774
207.448166
40.684644,-73.978962
169.130285581
40.684606,-73.978868
185.874007366
40.684528,-73.978680
229.081650992
40.684490,-73.978586
245.927550567
514f1d53e4b045dfaa2934ed
40.684602,-73.978765
572 Atlantic Ave, Brooklyn, NY 11217
40.684572,-73.978786
27.885453
40.684495,-73.978598
-50.5944175495
40.684533,-73.978692
-39.7908551239
40.684611,-73.978880
95.0694744953
40.684649,-73.978974
105.901884599
40.684567,-73.978774
10.320365
40.684497,-73.978602
-50.3108728309
40.684532,-73.978688
-40.5638660618
40.684602,-73.978860
89.6514906036
40.684638,-73.978946
103.867745959
----------
ChIJ2-lxnSlZwokRPuq6ut4syCM
40.746742,-73.942567
25-34 Jackson Ave, Long Island City, NY 11101, United States
40.746946,-73.942712
150.877491
40.746868,-73.942901
115.701457288
40.746907,-73.942807
131.544469096
40.746983,-73.942617
170.385187151
40.747019,-73.942521
186.479531109
40.746953,-73.942694
154.815795
40.746879,-73.942878
119.33124394
40.746915,-73.942788
135.182713869
40.746989,-73.942599
173.636981624
40.747025,-73.942504
188.837625185
4d1c9557763fb1f788ea8b66
40.746786,-73.943224
2534 Jackson Ave, Long Island City, NY 11101
40.746786,-73.943223
247.782896
40.746855,-73.943262
156.429026598
40.746855,-73.943262
156.429026598
40.746699,-73.943170
-26.2001731077
40.746614,-73.943113
-26.7853526965
40.746953,-73.942694
246.756228
40.747212,-73.942747
219.758821864
40.747053,-73.942740
233.382778439
40.746945,-73.942714
246.978722257
40.746937,-73.942735
247.232119552
----------
ChIJuw_n-xJRwokRY7fJhzBtk6o
40.704652,-74.098869
405 Danforth Ave, Jersey City, NJ 07305, United States
40.704875,-74.098436
235.330076
40.705029,-74.098571
210.427583881
40.704957,-74.098510
221.236666401
40.704799,-74.098368
248.387780255
40.704722,-74.098299
260.213094092
40.704817,-74.098385
245.242866
40.704956,-74.098472
224.270254049
40.704894,-74.098453
231.979358132
40.704740,-74.098316
257.570681707
40.704676,-74.098258
266.470164619
4bdc6ad3afe8c9b68b514f85
40.704486,-74.098771
405 Danforth Ave, Jersey City, NJ 07305
40.704727,-74.098303
235.337468
40.704879,-74.098440
212.028104072
40.704803,-74.098372
223.177640955
40.704649,-74.098236
247.545931
40.704570,-74.098172
258.915735174
40.704817,-74.098385
220.987958
40.704957,-74.098510
202.264715567
40.704889,-74.098449
210.764703308
40.704746,-74.098320
232.268174781
40.704676,-74.098258
243.477182556
----------
ChIJp4l8UghZwokRKMajB-1FRlQ
40.741128,-73.981214
371 Third Avenue, New York, NY 10016, United States
40.741206,-73.981399
118.299949
40.741041,-73.981520
68.7837677793
40.741123,-73.981459
87.9222178432
40.741288,-73.981338
148.839536262
40.741371,-73.981278
168.021035337
40.741175,-73.981421
105.967157
40.741011,-73.981542
64.115343052
40.741093,-73.981482
79.5233236485
40.741257,-73.981361
138.525828664
40.741362,-73.981370
152.387877274
50f96f0ae4b0fe02881e9121
40.741099,-73.981473
371 3rd Ave, New York, NY 10016
40.741100,-73.981476
118.205332
40.740935,-73.981597
29.3177156681
40.741018,-73.981537
30.1362982025
40.741183,-73.981416
206.869067657
40.741265,-73.981355
207.664259865
40.741175,-73.981421
206.661800
40.741413,-73.981488
177.238486077
40.741181,-73.981417
206.786075807
40.741170,-73.981425
206.533295891
40.741164,-73.981429
206.329576498
----------
ChIJuefldRJcwokR4XehM7SC2vM
40.683774,-73.911541
1709 Broadway, Brooklyn, NY 11207, United States
40.683668,-73.911353
-54.179319
40.683815,-73.911208
260.183091138
40.683741,-73.911280
-81.293445096
40.683594,-73.911424
-26.9645343613
40.683490,-73.911485
-9.21931499781
40.683646,-73.911762
52.084661
40.683545,-73.911583
7.30159520798
40.683596,-73.911673
28.6256994844
40.683696,-73.911851
71.0882507508
40.683747,-73.911941
84.1648712134
4c4b8ea2bad7a593843ffdab
40.683567,-73.911701
1709 Broadway, Brooklyn, NY 11207
40.683596,-73.911673
215.989329
40.683696,-73.911851
137.769177885
40.683646,-73.911762
148.711064094
40.683546,-73.911584
-77.1496740555
40.683487,-73.911528
-59.5627949842
40.683646,-73.911762
148.751952
40.683671,-73.911807
141.587951013
40.683658,-73.911784
144.567123168
40.683633,-73.911740
155.364325409
40.683621,-73.911717
166.225867451
----------
ChIJeRXgtANbwokRtTeYs_E9Uao
40.669203,-73.979897
258 7th Ave, Brooklyn, NY 11215, United States
40.669124,-73.979733
-58.362867
40.669281,-73.979601
250.107875708
40.669203,-73.979667
269.433370222
40.669045,-73.979799
-26.0012879561
40.668967,-73.979865
-6.58852355407
40.669125,-73.979732
-58.784284
40.669283,-73.979601
249.91329385
40.669204,-73.979666
269.074042709
40.669046,-73.979798
-26.3466168833
40.668968,-73.979864
-6.75764272305
4b11a41cf964a5202f8123e3
40.669221,-73.979685
258 7th Ave, Brooklyn, NY 11215
40.669210,-73.979661
-58.391981
40.669367,-73.979530
218.262152754
40.669289,-73.979595
224.545413649
40.669131,-73.979727
18.9774594199
40.669053,-73.979793
25.3340646737
40.669125,-73.979732
19.899171
40.669141,-73.979719
17.2385066713
40.669133,-73.979726
18.6673217795
40.669117,-73.979739
20.8892380611
40.669109,-73.979746
21.7440488032
----------
ChIJUyWHh49ZwokRNhKSc8lYp7w
40.716470,-73.997580
174 Canal St, New York, NY 10013, United States
40.716702,-73.997443
203.488518
40.716774,-73.997631
172.008372796
40.716737,-73.997538
186.179746918
40.716667,-73.997338
222.491405368
40.716636,-73.997251
235.836163924
40.716705,-73.997451
201.974820
40.716777,-73.997638
171.110251738
40.716740,-73.997545
184.942961012
40.716667,-73.997338
222.491405368
40.716639,-73.997260
234.604942276
4b3fcd88f964a5202daf25e3
40.716737,-73.997485
174 Canal St, New York, NY 10013
40.716718,-73.997489
7.687704
40.716657,-73.997312
-59.5066879398
40.716688,-73.997400
-53.4015006819
40.716752,-73.997574
101.486265471
40.716785,-73.997659
109.357457834
40.716705,-73.997451
-39.529677
40.716683,-73.997385
-55.1676055472
40.716694,-73.997418
-50.4833513585
40.716718,-73.997489
7.68770353555
40.716718,-73.997489
7.68770353555
----------
ChIJ12_gJQb2wokRLVw2EvNCsus
40.797977,-73.939629
201 E 116th St, New York, NY 10029, United States
