----------
ChIJH7p4BeqAhYARARZw4y2tJ7U
37.794127,-122.423354
2001 Van Ness Ave, San Francisco, CA 94109, United States
37.794146,-122.423200
260.677666
37.794343,-122.423239
202.552355623
37.794244,-122.423220
221.945689695
37.794048,-122.423180
-60.5008794701
37.793949,-122.423160
-41.2303655017
37.794130,-122.423197
268.270667
37.794326,-122.423236
204.905185459
37.794228,-122.423216
226.919825495
37.794032,-122.423177
-56.3085061082
37.793922,-122.423189
-32.8823738981
4a444f47f964a52073a71fe3
37.793983,-122.423166
2001 Van Ness Ave, San Francisco, CA 94109
37.793983,-122.423167
83.111140
37.793787,-122.423125
-9.84145621648
37.793885,-122.423147
-9.31739794889
37.794081,-122.423187
170.114782865
37.794180,-122.423207
170.367026472
37.794130,-122.423197
170.266702
37.794121,-122.423195
170.249827611
37.794126,-122.423196
170.261761336
37.794153,-122.423049
208.322186626
37.794158,-122.423050
207.458827427
----------
ChIJL6OKUgh_j4ARDamZ47-PzFs
37.741648,-122.387312
3801 3rd St #310, San Francisco, CA 94124, United States
37.741677,-122.387487
101.366244
37.741499,-122.387511
46.3380817536
37.741595,-122.387534
72.9136731965
37.741775,-122.387469
135.182135495
37.741808,-122.387517
134.141106992
37.741767,-122.388175
99.512918
37.741580,-122.388249
84.386685991
37.741673,-122.388212
91.661316428
37.741861,-122.388138
107.581825911
37.741954,-122.388101
115.673102974
4b8091dcf964a520a17d30e3
37.741605,-122.387509
3801 3rd St, San Francisco, CA 94124
37.741611,-122.387519
125.813355
37.741462,-122.387659
39.5176554259
37.741539,-122.387586
42.4514040213
37.741696,-122.387482
192.877818763
37.741763,-122.387466
191.845217537
37.741767,-122.388175
106.704847
37.741580,-122.388249
87.1402586011
37.741673,-122.388212
96.5922996395
37.741861,-122.388138
116.745019128
37.741954,-122.388101
126.263050334
----------
ChIJ2x0Lphx-j4ARaaCDA8X2EGs
37.762914,-122.434376
2375 Market St, San Francisco, CA 94114, United States
37.763035,-122.434519
136.590028
37.762913,-122.434683
89.5126953444
37.762974,-122.434601
108.320783718
37.763096,-122.434437
164.745584276
37.763156,-122.434355
183.666019819
37.763046,-122.434504
142.105640
37.762926,-122.434666
92.7409303439
37.762986,-122.434585
113.227813089
37.763106,-122.434423
168.61645682
37.763165,-122.434342
185.766289107
4b620b50f964a5203f322ae3
37.763004,-122.434672
2375 Market St, San Francisco, CA 94114
37.763027,-122.434699
136.990395
37.762911,-122.434866
58.6102110209
37.762967,-122.434781
66.4673032418
37.763087,-122.434616
207.729367177
37.763149,-122.434535
216.566681553
37.763046,-122.434504
252.095919
37.763180,-122.434495
218.225600843
37.763145,-122.434540
216.297110265
37.763014,-122.434548
263.867244187
37.762981,-122.434592
-70.7009259145
----------
ChIJOS1iwJ6AhYAR8mtqahwARfY
37.775948,-122.419919
77 Van Ness Ave #100, San Francisco, CA 94102, United States
37.775843,-122.419899
-8.918407
37.775867,-122.419700
-65.2899052675
37.775855,-122.419799
-45.889462865
37.775831,-122.419999
28.0457934846
37.775819,-122.420098
47.517808309
37.776103,-122.419539
242.380137
37.776287,-122.419575
218.493972029
37.776195,-122.419557
228.957609475
37.776011,-122.419521
258.383728935
37.775919,-122.419503
-85.3178389523
4c5b126d67ac0f47304d084c
37.775917,-122.419503
77 Van Ness Ave, San Francisco, CA 94102
37.775917,-122.419503
269.644395
37.776113,-122.419541
170.919306469
37.776015,-122.419522
170.969124945
37.775819,-122.419483
-9.41230049496
37.775722,-122.419464
-9.36232606627
37.776103,-122.419539
170.905126
37.776096,-122.419538
170.92735971
37.776099,-122.419538
170.906576756
37.776125,-122.419393
202.426289451
37.776128,-122.419394
201.967108977
----------
ChIJQZcagJuAhYARsHESBe8FBuE
37.778259,-122.415810
1250 Market St, San Francisco, CA 94102, United States
37.778092,-122.415595
-46.001965
37.778220,-122.415436
-82.9283317449
37.778156,-122.415516
-66.6248926467
37.778028,-122.415675
-25.2683153055
37.777964,-122.415755
-8.85375674146
37.778090,-122.415598
-45.277538
37.778218,-122.415439
-82.4123564913
37.778154,-122.415519
-65.9483755729
37.778026,-122.415678
-24.6505530009
37.777962,-122.415757
-8.4223134352
49ca83e7f964a520b4581fe3
37.778144,-122.415440
1250 Market St, San Francisco, CA 94102
37.778180,-122.415486
133.972304
37.778052,-122.415645
60.1666558996
37.778116,-122.415566
73.9654177779
37.778244,-122.415407
194.517784361
37.778308,-122.415327
208.307573849
37.778090,-122.415598
66.357578
37.778028,-122.415674
57.7982706969
37.778059,-122.415636
61.0840706822
37.778121,-122.415560
75.9304205825
37.778152,-122.415521
96.3427154953
----------
ChIJ351S1OJ-j4ARb-QffY-Rc8Y
37.729005,-122.403961
2599 San Bruno Ave, San Francisco, CA 94134, United States
37.728889,-122.403910
-19.734022
37.728943,-122.403716
-72.6390126581
37.728916,-122.403813
-53.2405184686
37.728862,-122.404007
14.0367107402
37.728832,-122.404117
35.179498122
37.728892,-122.403901
-23.329049
37.728950,-122.403688
-76.1912038648
37.728918,-122.403803
-55.7187527472
37.728865,-122.403998
11.5193052865
37.728807,-122.404106
29.9180033807
4bd33e98462cb713b2eddd07
37.728936,-122.404081
2599 San Bruno Ave, San Francisco, CA 94134
37.728917,-122.404152
71.409146
37.728731,-122.404075
-1.74004740917
37.728832,-122.404117
14.8986269068
37.729010,-122.404191
129.810393626
37.729103,-122.404230
144.278115573
37.728892,-122.403901
-73.156680
37.728927,-122.403774
-88.1826527935
37.728909,-122.403837
-82.4526786248
37.728874,-122.403964
-56.5859681843
37.728676,-122.404052
-5.43502100045
----------
ChIJje1PnrmAhYAR0WMBkoU_FN8
37.783518,-122.432554
1500 Fillmore St, San Francisco, CA 94115, United States
37.783490,-122.432782
80.991431
37.783293,-122.432744
33.5317508425
37.783392,-122.432763
52.3706548454
37.783588,-122.432801
109.384636951
37.783687,-122.432820
128.249222219
37.783527,-122.432789
92.379775
37.783333,-122.432752
39.9235997695
37.783430,-122.432771
62.4914152091
37.783624,-122.432808
117.392475268
37.783721,-122.432827
132.815125526
4aff22e2f964a520c03422e3
37.783299,-122.432756
1500 Fillmore St, San Francisco, CA 94115
37.783312,-122.432748
207.441264
37.783291,-122.432901
85.466251795
37.783301,-122.432824
91.7685749666
37.783256,-122.432737
-20.0392875531
37.783200,-122.432726
-14.1545456699
37.783527,-122.432789
173.017910
37.783527,-122.432789
173.031838998
37.783527,-122.432789
173.015023532
37.783527,-122.432789
173.023675451
37.783527,-122.432789
173.009778472
----------
ChIJpf3VvVmHhYARkxKmtuB5bQA
37.763784,-122.458561
500 Parnassus Ave B1, San Francisco, CA 94143, United States
37.764196,-122.458785
156.340369
37.764196,-122.458785
156.340369359
37.764196,-122.458785
156.340369359
37.764226,-122.458790
157.351016226
37.764387,-122.458607
176.232292787
37.763374,-122.458260
-30.603165
37.763430,-122.458063
-48.5337456581
37.763402,-122.458163
-39.8834158511
37.763347,-122.458357
-20.6673555781
37.763316,-122.458464
-9.63566351966
4ace3827f964a52025cf20e3
37.763793,-122.458550
Millberry Union, 500 Parnassus Ave., San Francisco, CA 94122
37.764196,-122.458785
154.844863
37.764196,-122.458785
154.844863316
37.764196,-122.458785
154.844863316
37.764229,-122.458790
156.04510704
37.764387,-122.458609
175.189538736
37.763374,-122.458260
-29.155252
37.763430,-122.458063
-47.1794994061
37.763402,-122.458163
-38.4616721587
37.763346,-122.458357
-19.2714538311
37.763316,-122.458464
-8.43800621731
----------
ChIJ_-3yY4OAhYARhg5hYpJDX38
37.779226,-122.410730
1099 Mission St, San Francisco, CA 94103, United States
37.779305,-122.410831
134.167759
37.779178,-122.410991
76.4689496319
37.779241,-122.410910
95.6162544429
37.779369,-122.410751
172.972239232
37.779432,-122.410671
192.395035909
37.779328,-122.410802
150.330793
37.779232,-122.410971
91.5521989027
37.779269,-122.410876
109.767172993
37.779387,-122.410728
180.28741121
37.779447,-122.410653
195.040606302
49c9a28bf964a5208b581fe3
37.779292,-122.410936
1099 Mission St, San Francisco, CA 94103
37.779248,-122.410991
44.868048
37.779121,-122.410832
-26.1753195985
37.779184,-122.410911
-10.7276997371
37.779311,-122.411071
99.9090929063
37.779375,-122.411151
115.532975372
37.779328,-122.410802
251.035620
37.779398,-122.410714
238.586946098
37.779363,-122.410758
242.976690277
37.779293,-122.410846
268.919648766
37.779092,-122.410796
-29.4084832573
----------
ChIJncOPQZSAhYAROs-xGtaiKQ8
37.787646,-122.419922
1199 Sutter St, San Francisco, CA 94109, United States
37.787622,-122.420105
80.409802
37.787426,-122.420064
26.7959952302
37.787524,-122.420085
46.2278880698
37.787720,-122.420125
114.36344558
37.787818,-122.420145
133.839173585
37.787814,-122.419900
185.524183
37.787827,-122.420147
135.051883338
37.787802,-122.419995
159.218302769
37.787826,-122.419805
206.997262502
37.787838,-122.419709
220.996653176
53eb01e6498eef14e3c44dbb
37.787682,-122.420067
1199 Sutter St, San Francisco, CA 94109
37.787676,-122.420116
80.423764
37.787480,-122.420075
1.53202509378
37.787578,-122.420096
11.9862847995
37.787785,-122.420138
150.71001742
37.787872,-122.420156
159.197871942
37.787814,-122.419900
224.725771
37.787938,-122.420170
161.978149827
37.787807,-122.419956
214.869293443
37.787821,-122.419844
231.480370771
37.787828,-122.419789
236.223636631
----------
ChIJf66XXY-AhYARi8upL2LEEcE
37.785329,-122.408334
125 Ellis St, San Francisco, CA 94102, United States
37.785457,-122.408356
171.730445
37.785435,-122.408555
120.844598741
37.785446,-122.408456
140.168332085
37.785468,-122.408256
203.533999614
37.785479,-122.408157
222.8133679
37.785455,-122.408378
164.279989
37.785433,-122.408576
118.063017084
37.785444,-122.408477
134.971151445
37.785466,-122.408279
197.431163676
37.785476,-122.408180
219.357718721
4b0b01c5f964a520772b23e3
37.785422,-122.408469
125 Ellis St, San Francisco, CA 94102
37.785444,-122.408473
171.735527
37.785423,-122.408672
89.8507894227
37.785433,-122.408573
97.5238599662
37.785455,-122.408373
246.004276738
37.785466,-122.408274
253.774110547
37.785455,-122.408378
245.395367
37.785449,-122.408428
229.398431772
37.785452,-122.408403
239.843691485
37.785457,-122.408353
248.654114799
37.785460,-122.408327
250.863540263
----------
ChIJX-h0m2KAhYARlwxpnd2Ehfg
37.788785,-122.401057
30 2nd St, San Francisco, CA 94105, United States
37.788723,-122.400980
-45.099763
37.788851,-122.400821
250.169616701
37.788786,-122.400900
269.128077222
37.788660,-122.401061
1.05705896415
37.788598,-122.401142
19.3438101097
37.788728,-122.400975
-49.224814
37.788857,-122.400814
249.211622412
37.788821,-122.400888
254.47977951
37.788665,-122.401056
-0.89571853104
37.788601,-122.401137
18.641814906
4aa0257ff964a5207f3e20e3
37.788865,-122.400769
30 2nd St, San Francisco, CA 94105
37.788879,-122.400788
132.912187
37.788750,-122.400946
50.3258363154
37.788808,-122.400871
54.6760140638
37.788942,-122.400708
211.858594782
37.789005,-122.400627
218.483452318
37.788728,-122.400975
49.559680
37.788686,-122.400711
-14.8202442407
37.788716,-122.400990
49.2324113361
37.788873,-122.400955
92.6947450307
37.788936,-122.401037
108.004013433
----------
ChIJ47FAJBCHhYARFDx-a2DIwyw
37.780513,-122.480277
5650 Geary Blvd, San Francisco, CA 94121, United States
37.780503,-122.480459
85.570419
37.780304,-122.480441
31.5247262641
37.780403,-122.480450
51.1169843323
37.780603,-122.480469
120.201249326
37.780702,-122.480478
139.600620219
37.780356,-122.480320
11.867874
37.780365,-122.480128
-38.9267959176
37.780361,-122.480224
-15.7117151301
37.780375,-122.480448
44.116838658
37.780346,-122.480512
47.9221172617
4a60d3def964a5203fc11fe3
37.780382,-122.480244
5650 Geary Blvd, San Francisco, CA 94121
37.780360,-122.480242
-3.967744
37.780370,-122.480042
-85.927090479
37.780365,-122.480142
-78.2560815092
37.780355,-122.480342
70.2575735631
37.780349,-122.480445
78.1491422062
37.780356,-122.480320
66.068867
37.780237,-122.480243
-0.506599495658
37.780236,-122.480277
9.90827721389
37.780442,-122.480454
109.527419824
37.780535,-122.480462
131.183491944
----------
ChIJsR3mJn2AhYARD1djXgK0IEg
37.786995,-122.398909
168 2nd St, San Francisco, CA 94105, United States
37.787071,-122.399008
133.916967
37.786943,-122.399167
75.3085024569
37.787007,-122.399088
94.4308202524
37.787135,-122.398929
173.305191354
37.787238,-122.398840
192.315646841
37.787149,-122.398727
222.825181
37.787275,-122.398887
183.279359474
37.787222,-122.398821
196.725533724
37.787087,-122.398646
245.835611337
37.787025,-122.398566
263.425687388
4a5544b7f964a520f6b31fe3
37.787104,-122.398712
168 2nd St, San Francisco, CA 94105
37.787121,-122.398691
224.134439
37.787247,-122.398852
141.825172396
37.787184,-122.398771
149.028108686
37.787059,-122.398610
-61.1126913142
37.786996,-122.398529
-53.748974534
37.787149,-122.398727
165.128533
37.787119,-122.398948
94.3261870821
37.787175,-122.398760
151.41522542
37.787124,-122.398694
216.019259077
37.787098,-122.398661
-81.8471853441
----------
ChIJFWnyktZ_j4ARVA6u4RF2YfA
37.776723,-122.394869
700 4th St #111, San Francisco, CA 94107, United States
37.776872,-122.394679
224.822643
37.776999,-122.394839
184.563829868
37.776935,-122.394759
201.975150498
37.776810,-122.394598
247.638049263
37.776748,-122.394516
264.465194007
37.776854,-122.394656
231.819771
37.776981,-122.394817
188.666652253
37.776918,-122.394737
207.969264163
37.776792,-122.394574
253.199376273
37.776735,-122.394499
267.230263258
4aca55b6f964a5207ac120e3
37.776715,-122.394881
700 4th St, San Francisco, CA 94107
37.776873,-122.394680
224.831913
37.777000,-122.394840
186.152516577
37.776936,-122.394760
203.072209167
37.776811,-122.394599
246.450986252
37.776749,-122.394518
262.869159776
37.776854,-122.394656
231.697799
37.776982,-122.394817
190.367882803
37.776918,-122.394737
209.097820749
37.776792,-122.394574
252.109014021
37.776735,-122.394499
265.797877556
----------
ChIJmcQcIWKAhYARoNGE0JtnJRk
37.792347,-122.400052
200 Pine St, San Francisco, CA 94104, United States
37.792238,-122.400033
-8.303551
37.792260,-122.399834
-63.5590589884
37.792249,-122.399933
-44.1172218819
37.792227,-122.400133
27.6508454539
37.792216,-122.400232
47.1025049208
37.792227,-122.400128
26.505578
37.792245,-122.399968
-33.5442107287
37.792236,-122.400048
-2.04661987815
37.792218,-122.400208
43.6009024381
37.792210,-122.400288
53.421113937
4b5f915af964a5201cc229e3
37.792313,-122.399917
200 Pine St, San Francisco, CA 94104
37.792251,-122.399906
-8.301244
37.792276,-122.399707
-77.80544635
37.792263,-122.399797
-62.8824849556
37.792241,-122.400006
43.8254352012
37.792230,-122.400105
60.4814941872
37.792227,-122.400128
62.555973
37.792234,-122.400068
56.1871676368
37.792231,-122.400098
59.7741043396
37.792224,-122.400158
64.6768382586
37.792221,-122.400188
66.4037652155
----------
ChIJEZmNNXuAhYAR8EPTOHPt6nQ
37.789158,-122.394443
215 Fremont St, San Francisco, CA 94105, United States
37.788902,-122.394728
41.059628
37.788786,-122.394560
13.6708907038
37.788844,-122.394644
26.5639058923
37.788967,-122.394822
57.2598204902
37.789022,-122.394892
68.8158888641
37.788941,-122.394784
50.975367
37.788824,-122.394615
21.9044720675
37.788882,-122.394700
36.0991869885
37.789003,-122.394867
64.8451742581
37.789066,-122.394948
76.6755931923
4f62045be4b07f728fecb3ad
37.789637,-122.394751
215 Fremont St, San Francisco, CA 94105
37.789601,-122.394706
-45.076785
37.789727,-122.394545
240.875853455
37.789664,-122.394626
254.514602816
37.789538,-122.394787
15.5870282254
37.789475,-122.394867
29.3399818884
37.788941,-122.394784
1.811038
37.788860,-122.394667
-5.26292461689
37.788900,-122.394726
-1.94479977831
37.788981,-122.394839
5.68070961891
37.789021,-122.394891
9.88284871045
----------
ChIJG_AiGIuAhYARjsmYBX33wic
37.794338,-122.404957
653 Kearny St, San Francisco, CA 94108, United States
37.794442,-122.404978
170.702555
37.794417,-122.405177
114.10166382
37.794429,-122.405085
131.287745639
37.794454,-122.404878
207.809823819
37.794467,-122.404779
227.274930729
37.794351,-122.404790
263.835849
37.794548,-122.404829
205.490332819
37.794463,-122.404812
222.418883834
37.794253,-122.404770
-60.5551067541
37.794154,-122.404750
-42.212350938
49f4f875f964a5207d6b1fe3
37.794429,-122.404727
653 Kearny St, San Francisco, CA 94108
37.794472,-122.404736
170.188440
37.794447,-122.404935
95.9618694841
37.794460,-122.404835
109.217340321
37.794485,-122.404637
231.429346687
37.794498,-122.404537
244.884300946
37.794351,-122.404790
32.252505
37.794226,-122.404764
7.94305078585
37.794289,-122.404777
15.3555052628
37.794454,-122.404884
100.739895097
37.794445,-122.404956
94.5312091571
----------
ChIJIStfgc9_j4ARSVftlbkhYZg
37.769054,-122.390374
550 Gene Friend Way, San Francisco, CA 94158, United States
37.768996,-122.391034
83.343943
37.768797,-122.391014
62.8206269739
37.768897,-122.391025
72.6772048958
37.769095,-122.391045
94.0598205829
37.769195,-122.391056
104.20508376
37.768499,-122.390156
-17.712057
37.768508,-122.390042
-26.1095981113
37.768506,-122.390058
-24.9852147372
37.768492,-122.390254
-9.98399775113
37.768485,-122.390352
-2.13015802384
4a3fe92bf964a52010a41fe3
37.768812,-122.390209
550B Gene Friend Way, San Francisco, CA 94158
37.768498,-122.390172
-5.774786
37.768508,-122.390042
-23.8817964226
37.768505,-122.390072
-19.8771372985
37.768491,-122.390272
8.44062923862
37.768483,-122.390372
21.0538146444
37.768499,-122.390156
-8.062527
37.768508,-122.390042
-23.8817964226
37.768507,-122.390056
-22.0350046373
37.768492,-122.390256
6.24254538516
37.768484,-122.390356
19.1776910215
----------
ChIJuRpgnzd8j4ARSjx0LtHfAaI
37.710748,-122.466566
3911 Alemany Blvd #1004, San Francisco, CA 94132, United States
37.710832,-122.466422
233.236165
37.710981,-122.466561
180.631688312
37.710907,-122.466492
200.15002379
37.710758,-122.466352
266.406645655
37.710689,-122.466285
-75.4059400629
37.711152,-122.466888
147.280606
37.711040,-122.467049
126.944422628
37.711103,-122.466977
137.078793955
37.711200,-122.466798
157.433261859
37.711211,-122.466777
159.77907879
4b64cc66f964a520f3d02ae3
37.710938,-122.467227
3911 Alemany Blvd, San Francisco, CA 94132
37.710934,-122.467234
57.488978
37.710788,-122.467180
-14.1968165081
37.710841,-122.467159
-29.5083404449
37.711013,-122.467298
142.689551343
37.711127,-122.467357
150.983024212
37.711152,-122.466888
231.209354
37.711208,-122.467058
206.184460493
37.711187,-122.466995
216.205816425
37.711151,-122.466891
231.184589572
37.711067,-122.466642
254.163440865
----------
ChIJga3NQX-HhYAR_3Rl_m3Zevk
37.753813,-122.490800
2516 Noriega St, San Francisco, CA 94122, United States
37.753610,-122.490785
-3.576839
37.753619,-122.490585
-41.6147734551
37.753614,-122.490685
-24.9729105106
37.753605,-122.490885
17.6690798891
37.753601,-122.490985
34.3632046651
37.753610,-122.490786
-3.532206
37.753619,-122.490586
-41.4676895231
37.753614,-122.490686
-24.7726688959
37.753605,-122.490886
17.8670114402
37.753601,-122.490986
34.4953532953
4b9ae7bdf964a52094e135e3
37.753664,-122.490681
2516 Noriega St, San Francisco, CA 94122
37.753615,-122.490678
-3.531556
37.753624,-122.490478
-76.2002794903
37.753619,-122.490578
-61.5436279633
37.753610,-122.490778
54.6740707691
37.753606,-122.490878
69.1951586208
37.753610,-122.490786
56.559117
37.753614,-122.490688
6.1336116613
37.753612,-122.490737
40.2205105724
37.753608,-122.490835
64.926113108
37.753605,-122.490884
69.6992747872
----------
ChIJ8RRTR2GAhYARcmP1EX4PIK0
37.798766,-122.400766
160 Broadway, San Francisco, CA 94111, United States
37.798634,-122.400739
-9.632726
37.798659,-122.400540
-59.6038127428
37.798646,-122.400639
-40.3967181958
37.798621,-122.400838
21.2055925332
37.798608,-122.400938
40.4562766501
37.798846,-122.401125
105.358744
37.798579,-122.401162
58.9069979001
37.798755,-122.401107
87.3676144313
37.798937,-122.401144
119.290676033
37.799028,-122.401162
129.386264617
4f51265de4b0771bcd743b3e
37.798581,-122.400714
160 Broadway, San Francisco, CA 94111
37.798636,-122.400725
170.371175
37.798610,-122.400924
99.5191486032
37.798623,-122.400824
115.108146269
37.798648,-122.400626
225.850812343
37.798661,-122.400526
241.386534291
37.798846,-122.401125
128.733531
37.798571,-122.401225
88.1921284378
37.798778,-122.401111
121.58151403
37.798914,-122.401139
134.283141915
37.798983,-122.401153
138.688360333
----------
ChIJvV0rPuOAhYARaVn-LgF_1AQ
37.808228,-122.413979
2698 Mason St, San Francisco, CA 94133, United States
37.808208,-122.414139
80.907696
37.808011,-122.414101
23.6222607851
37.808110,-122.414120
42.9792155577
37.808306,-122.414158
118.49711391
37.808405,-122.414177
137.959754638
37.808203,-122.414138
78.562439
37.808007,-122.414100
23.0323371549
37.808105,-122.414119
41.6604172799
37.808301,-122.414157
116.994626991
37.808399,-122.414176
137.202741491
4b09c277f964a520131d23e3
37.808066,-122.414166
2698 Mason St, San Francisco, CA 94133
37.808073,-122.414113
260.934552
37.808270,-122.414151
182.984479678
37.808171,-122.414132
194.07750627
37.807975,-122.414093
-32.6066052698
37.807876,-122.414074
-21.3730932742
37.808203,-122.414138
188.831592
37.808256,-122.414148
183.833153622
37.808230,-122.414143
185.942806073
37.808176,-122.414133
193.122796253
37.808149,-122.414128
199.734153867
----------
ChIJ_-3yY4OAhYARWstf2TMwuQc
37.787319,-122.403109
11 3rd St, San Francisco, CA 94103, United States
37.787202,-122.403256
44.453770
37.787076,-122.403095
-2.98796079208
37.787139,-122.403175
15.97782397
37.787269,-122.403333
74.0446000978
37.787347,-122.403389
96.7220386458
37.787204,-122.403258
45.451567
37.787078,-122.403097
-2.6286835468
37.787141,-122.403177
16.6174334262
37.787272,-122.403335
75.0101393096
37.787350,-122.403391
97.4730752316
4a9d6e26f964a5203d3820e3
37.787430,-122.403267
11 3rd St, San Francisco, CA 94103
37.787414,-122.403409
81.797551
37.787253,-122.403321
13.2597451635
37.787325,-122.403373
38.2818209886
37.787512,-122.403429
122.195621418
37.787602,-122.403448
139.833220685
37.787204,-122.403258
-2.155735
37.787129,-122.403162
-15.8534371441
37.787166,-122.403210
-10.103296289
37.787253,-122.403321
13.2597451635
37.787253,-122.403321
13.2597451635
----------
ChIJnWbmaYqAhYARTBJ5kyBXAhE
37.793259,-122.402720
400 Montgomery St, San Francisco, CA 94111, United States
37.793239,-122.402895
81.263003
37.793042,-122.402858
26.4227267712
37.793141,-122.402876
45.9832285001
37.793337,-122.402913
116.747383425
37.793436,-122.402931
136.183335178
37.793103,-122.402869
36.779007
37.792894,-122.402691
-3.94598509883
37.793035,-122.402857
25.4940978844
37.793171,-122.402882
55.1668194652
37.793238,-122.402895
81.1821142345
4a3c118ff964a52012a11fe3
37.793252,-122.402844
408 Montgomery St, San Francisco, CA 94104
37.793246,-122.402896
81.241069
37.793049,-122.402859
3.05681952731
37.793148,-122.402878
14.0018150315
37.793344,-122.402914
148.440412627
37.793443,-122.402933
159.424989915
37.793154,-122.402879
15.368694
37.793080,-122.402865
5.19742029062
37.793117,-122.402872
8.98731480221
37.793191,-122.402886
28.1311125517
37.793228,-122.402893
57.6860393998
----------
ChIJqboem699j4ARdluahm97ybA
37.723267,-122.482192
750 Font Blvd, San Francisco, CA 94132, United States
37.723593,-122.482161
184.033070
37.723605,-122.482361
158.04579202
37.723599,-122.482261
170.317027731
37.723587,-122.482061
197.693775056
37.723582,-122.481961
209.855424219
37.722808,-122.483383
63.813165
37.722609,-122.483322
53.4627390626
37.722724,-122.483331
58.6798651875
37.722910,-122.483388
69.107364642
37.722986,-122.483472
74.2477929469
4b1440caf964a52007a023e3
37.723305,-122.482195
750 Font Blvd, San Francisco, CA 94132
37.723593,-122.482167
184.033187
37.723605,-122.482367
155.243444447
37.723599,-122.482267
168.693800718
37.723587,-122.482067
199.488491898
37.723582,-122.481967
212.787342559
37.722808,-122.483383
61.920066
37.722609,-122.483322
51.8010770138
37.722723,-122.483330
56.8592843268
37.722910,-122.483388
67.0451272574
37.722988,-122.483475
72.3423514676
----------
ChIJ6x-56ip-j4ARQr93c4LKEAc
37.775997,-122.402996
804 Bryant St, San Francisco, CA 94103, United States
37.775839,-122.402798
-45.292843
37.775965,-122.402637
-83.9928283154
37.775902,-122.402718
-67.124413815
37.775776,-122.402878
-23.2716935078
37.775713,-122.402959
-6.31306727367
37.775840,-122.402797
-45.549933
37.775966,-122.402636
-84.2137891467
37.775903,-122.402716
-67.4103572829
37.775777,-122.402877
-23.5384424639
37.775714,-122.402958
-6.48842936668
4aa2fab7f964a520d94220e3
37.775972,-122.402855
804 Bryant St, San Francisco, CA 94103
37.775883,-122.402743
-45.300404
37.776009,-122.402582
260.006076012
37.775946,-122.402662
-80.6193296741
37.775819,-122.402823
-9.87996000076
37.775756,-122.402903
9.69206011266
37.775840,-122.402797
-19.640686
37.775948,-122.402659
-81.4658445103
37.775894,-122.402728
-52.5194051887
37.775786,-122.402866
2.19841329383
37.775732,-122.402934
14.2944811053
----------
ChIJxYZwCI6AhYARJ_dI5JT7P3k
37.788693,-122.412033
701 Sutter St, San Francisco, CA 94109, United States
37.788809,-122.412056
170.865395
37.788785,-122.412256
117.025101469
37.788797,-122.412155
136.598156172
37.788821,-122.411957
204.933860349
37.788834,-122.411857
224.304070087
37.788800,-122.412129
144.126219
37.788778,-122.412310
110.729164845
37.788789,-122.412219
122.717763647
37.788811,-122.412039
177.411540244
37.788925,-122.411913
201.974371356
4ac578b6f964a52028b220e3
37.788745,-122.411965
701 Sutter St, San Francisco, CA 94109
37.788818,-122.411979
170.862442
37.788794,-122.412178
105.891937517
37.788806,-122.412079
123.92053709
37.788829,-122.411891
214.424912701
37.788846,-122.411781
235.027213215
37.788800,-122.412129
112.572557
37.788785,-122.412256
99.4082198706
37.788794,-122.412184
105.25574665
37.788807,-122.412074
125.270460001
37.789002,-122.411930
185.723016527
----------
ChIJJ1o2J5eAhYARNuX0G37ClwI
37.783910,-122.419539
753 Polk St, San Francisco, CA 94109, United States
37.784029,-122.419564
170.133267
37.784003,-122.419763
117.189691984
37.784016,-122.419663
136.646987703
37.784042,-122.419465
203.744819493
37.784054,-122.419375
221.843437927
37.783911,-122.419352
269.413034
37.784107,-122.419386
211.369766085
37.784010,-122.419368
233.449403054
37.783813,-122.419336
-59.1746614984
37.783714,-122.419320
-41.8829589212
4b6c97e7f964a52045452ce3
37.784049,-122.419470
753 Polk St, San Francisco, CA 94109
37.784042,-122.419468
-9.965451
37.784066,-122.419269
263.416279175
37.784054,-122.419375
265.941441808
37.784028,-122.419567
74.7078245408
37.784015,-122.419667
77.4627786408
37.783911,-122.419352
-34.508306
37.784075,-122.419197
262.806427634
37.783959,-122.419359
-44.5443455813
37.783863,-122.419344
-28.6204290605
37.783816,-122.419337
-24.764660711
----------
ChIJYTpHuNd_j4AR4eQ02BZgeq8
37.779130,-122.392121
#131, 177 Townsend St, San Francisco, CA 94107, United States
37.779261,-122.392289
134.066459
37.779133,-122.392448
90.2457897917
37.779197,-122.392368
108.415292464
37.779324,-122.392208
159.942406293
37.779386,-122.392127
178.544539975
37.779324,-122.392208
160.053595
37.779216,-122.392345
115.429344329
37.779318,-122.392265
148.250314918
37.779378,-122.392138
176.509602323
37.779431,-122.392068
187.573006539
4db21fea5da30ffdfd1b322a
37.779270,-122.392360
170 Townsend, San Francisco, CA 06461
37.779237,-122.392318
-45.904383
37.779363,-122.392157
239.597311084
37.779298,-122.392242
252.798979675
37.779173,-122.392398
16.8312475177
37.779109,-122.392477
29.7405368661
37.779768,-122.391629
228.983129
37.779793,-122.391598
228.768840616
37.779781,-122.391613
228.871820001
37.779751,-122.391650
229.133508396
37.779751,-122.391650
229.133508396
----------
ChIJexu7D36AhYARr7CzFUGR6zg
37.782156,-122.400505
795 Folsom St, San Francisco, CA 94107, United States
37.781933,-122.400225
-45.291214
37.782059,-122.400064
-74.8860393951
37.781996,-122.400145
-61.1616664572
37.781882,-122.400290
-32.3142301885
37.781805,-122.400384
-15.6570898656
37.782306,-122.400852
118.182735
37.782182,-122.401012
93.3894760385
37.782244,-122.400932
104.217989332
37.782368,-122.400772
134.59079193
37.782429,-122.400692
151.137212229
4a7ccbdbf964a520aaed1fe3
37.782453,-122.400852
795 Folsom St, San Francisco, CA 94107
37.782378,-122.400759
-44.856646
37.782503,-122.400597
255.808997603
37.782440,-122.400678
-85.1158099391
37.782315,-122.400840
-4.45510698821
37.782253,-122.400920
14.8046695244
37.782306,-122.400852
-0.397978
37.782385,-122.400749
-50.9021498721
37.782346,-122.400800
-21.3314971875
37.782266,-122.400903
11.9161764182
37.782226,-122.400955
19.4284148679
----------
ChIJA6hoCIV-j4ARYpjwcbzCuoU
37.720863,-122.437440
4841 Mission St, San Francisco, CA 94110, United States
37.720967,-122.437659
120.505527
37.720805,-122.437782
77.6076418471
37.720886,-122.437721
95.5452873365
37.721048,-122.437598
145.598854488
37.721129,-122.437536
163.639255095
37.720961,-122.437664
118.451301
37.720798,-122.437787
76.4693495259
37.720880,-122.437725
93.8689519007
37.721042,-122.437602
143.9404854
37.721123,-122.437541
162.595931609
4b49043ef964a520286226e3
37.720977,-122.437603
4847 Mission St, San Francisco, CA 94112
37.720994,-122.437639
120.527269
37.720832,-122.437762
40.6379944592
37.720913,-122.437700
49.9851023252
37.721075,-122.437577
191.434601994
37.721156,-122.437516
200.799583798
37.720849,-122.437748
41.802862
37.720803,-122.437783
39.1615682932
37.720826,-122.437766
40.3053188479
37.720872,-122.437731
43.8161682386
37.720895,-122.437714
46.6994804667
----------
ChIJ2dOTdd94j4ARnAd96q0DT9A
37.685745,-122.399939
150 Old County Rd, Brisbane, CA 94005, United States
37.685615,-122.399770
-46.405662
37.685744,-122.399612
269.765342018
37.685680,-122.399691
-72.0550915311
37.685550,-122.399849
-20.495238533
37.685486,-122.399928
-2.22902231581
37.685043,-122.399789
-10.010326
37.685066,-122.399590
-22.5949515003
37.685054,-122.399689
-16.4026241626
37.685033,-122.399891
-3.45320036267
37.685030,-122.399987
2.69895680062
4b463ecef964a520521b26e3
37.685596,-122.399768
150 Old County Rd, Brisbane, CA 94005
37.685606,-122.399781
133.547197
37.685477,-122.399940
48.4846753748
37.685541,-122.399860
53.0211708272
37.685671,-122.399702
214.631146965
37.685735,-122.399623
219.210801759
37.685043,-122.399789
1.343682
37.685066,-122.399594
-15.0167182271
37.685054,-122.399692
-6.74102228775
37.685033,-122.399891
9.46101158462
37.685030,-122.399988
16.7832436963
----------
ChIJAVie7nx8j4AR5yRP5q1fdgQ
37.682619,-122.487846
37 Skyline Plaza, Daly City, CA 94015, United States
37.682821,-122.487859
176.711052
37.682812,-122.488059
138.490238129
37.682817,-122.487957
155.59291666
37.682825,-122.487759
198.229544819
37.682835,-122.487661
213.989111139
37.682392,-122.487814
-6.813138
37.682389,-122.487616
-38.8376886163
37.682391,-122.487715
-24.8466381578
37.682392,-122.487914
12.9910881073
37.682390,-122.488013
29.8123782079
4b492dd9f964a5200d6926e3
37.682696,-122.487756
37 Skyline Plz, Daly City, CA 94015
37.682825,-122.487764
176.717502
37.682817,-122.487957
126.74269275
37.682821,-122.487864
145.150025084
37.682834,-122.487666
207.266207873
37.682837,-122.487499
235.072009079
37.682392,-122.487814
8.244061
37.682363,-122.487588
-22.1381045753
37.682391,-122.487715
-6.45350964545
37.682392,-122.487913
21.937950331
37.682390,-122.488011
33.2117594709
----------
ChIJZf360GGAhYARHRKh9vwgzks
37.793928,-122.400901
483 Sacramento St, San Francisco, CA 94111, United States
37.794052,-122.400925
170.943795
37.794028,-122.401124
119.128145147
37.794040,-122.401025
138.471489117
37.794064,-122.400825
203.407952713
37.794076,-122.400726
222.79362776
37.794047,-122.400970
154.756573
37.794024,-122.401163
114.320552305
37.794035,-122.401066
128.863818762
37.794058,-122.400874
189.113628525
37.794070,-122.400777
214.369180966
4a9d6dbcf964a5203a3820e3
37.793980,-122.400985
483 Sacramento St, San Francisco, CA 94111
37.794043,-122.400997
170.950847
37.794019,-122.401196
102.906823783
37.794031,-122.401097
119.763820406
37.794055,-122.400898
222.279797046
37.794067,-122.400798
239.151004736
37.794047,-122.400970
189.567577
37.794024,-122.401156
107.635433908
37.794035,-122.401063
131.389923073
37.794058,-122.400877
227.442538869
37.794069,-122.400783
240.51723687
----------
ChIJyWK_7mSAhYARV8MF3Sf6EZU
37.791146,-122.393762
163 Main St, San Francisco, CA 94105, United States
37.791025,-122.393916
44.819230
37.790898,-122.393756
-1.41643191698
37.790961,-122.393836
17.3424282542
37.791088,-122.393996
72.353174277
37.791152,-122.394076
90.9151927228
37.791080,-122.393985
69.058937
37.790958,-122.393832
15.9762075834
37.791019,-122.393908
42.0329773674
37.791141,-122.394062
88.3305189909
37.791202,-122.394139
100.14831927
49fa0446f964a520a96d1fe3
37.791108,-122.393813
163 Main St, San Francisco, CA 94105
37.791026,-122.393917
44.819163
37.790899,-122.393757
-12.2868638996
37.790962,-122.393837
7.19868688259
37.791089,-122.393997
82.2653227588
37.791153,-122.394077
101.607160764
37.791080,-122.393985
77.854704
37.790965,-122.393841
8.39874610245
37.791022,-122.393913
42.4566022423
37.791137,-122.394058
98.1189520675
37.791194,-122.394130
108.557845434
----------
ChIJTxkVMF6AhYARVrKjqGbtC9Q
37.794482,-122.395223
5 The Embarcadero, San Francisco, CA 94111, United States
37.794341,-122.395036
-46.884561
37.794473,-122.394878
-88.5114661949
37.794407,-122.394958
-70.6347344027
37.794276,-122.395115
-22.9693616884
37.794211,-122.395194
-5.27079171832
37.795186,-122.393813
237.467442
37.795337,-122.393952
229.341307655
37.795261,-122.393883
233.404518261
37.795111,-122.393744
241.458691677
37.795035,-122.393674
245.388089209
4b06fca3f964a520d0f422e3
37.794389,-122.395012
5 Embarcadero Ctr, San Francisco, CA 94111
37.794376,-122.394995
-46.877167
37.794485,-122.394843
233.83927019
37.794441,-122.394916
235.232851583
37.794311,-122.395073
31.456322919
37.794245,-122.395152
37.3570173597
37.795593,-122.396199
141.604149
37.795571,-122.396376
137.146609404
37.795582,-122.396288
139.315810127
37.795593,-122.396199
141.604149
37.795593,-122.396199
141.604149
----------
ChIJdQF0QJqAhYARBe9w8fQ4JBI
37.781364,-122.416812
376 Larkin St, San Francisco, CA 94102, United States
37.781505,-122.416838
171.201980
37.781482,-122.417037
123.098495731
37.781494,-122.416938
142.097861604
37.781517,-122.416738
200.563407052
37.781528,-122.416639
219.61436118
37.781108,-122.417093
40.702909
37.780962,-122.417064
26.1298507172
37.781035,-122.417079
32.4154714377
37.781181,-122.417108
51.6672765825
37.781254,-122.417122
65.490593631
4c12b7cd7f7f2d7fded3dd68
37.781366,-122.416883
300 Golden Gate Ave, San Francisco, CA 94109
37.781497,-122.416907
171.205965
37.781474,-122.417106
121.034395833
37.781486,-122.417006
140.30604387
37.781509,-122.416808
202.40701562
37.781520,-122.416708
221.671809654
37.781667,-122.415532
253.973652
37.781862,-122.415564
244.287003535
37.781765,-122.415544
249.059176208
37.781571,-122.415505
259.033386314
37.781474,-122.415485
264.092761337
----------
ChIJf66XXY-AhYARz0fV6rdzxLE
37.783709,-122.408839
940 Market St, San Francisco, CA 94102, United States
37.783487,-122.408788
-10.736442
37.783564,-122.408643
-47.3944569634
37.783516,-122.408703
-29.5429218635
37.783472,-122.408887
8.75434151115
37.783456,-122.408986
24.434712781
37.783561,-122.408648
-46.020499
37.783689,-122.408489
-86.2476630183
37.783638,-122.408552
-73.0041048664
37.783495,-122.408729
-22.5648389022
37.783435,-122.408808
-5.42369661311
50146aece4b0907580ee4d03
37.783631,-122.408591
940 Market St, San Francisco, CA 94102
37.783619,-122.408576
-46.127893
37.783747,-122.408417
229.688484167
37.783683,-122.408496
234.959659434
37.783555,-122.408655
33.413692465
37.783495,-122.408729
38.5037892897
37.783561,-122.408648
32.307611
37.783573,-122.408633
29.363862488
37.783567,-122.408640
30.9862782302
37.783555,-122.408655
33.413692465
37.783488,-122.408776
45.4123913084
----------
ChIJ8RRTR2GAhYARNfT5-is_KGk
37.794437,-122.396799
99 Drumm St, San Francisco, CA 94111, United States
37.794587,-122.396832
169.698110
37.794559,-122.397031
123.250811118
37.794572,-122.396944
139.182959024
37.794601,-122.396733
197.447229405
37.794613,-122.396643
214.716883995
37.794457,-122.396616
261.969878
37.794654,-122.396652
207.972133169
37.794556,-122.396633
227.580664286
37.794358,-122.396599
-63.9482038169
37.794260,-122.396582
-44.4644745748
4bd6f7326798ef3b69e8658d
37.794338,-122.396600
99 Drumm St, San Francisco, CA 94111
37.794338,-122.396596
262.447803
37.794535,-122.396630
172.779767269
37.794437,-122.396613
173.70895101
37.794239,-122.396579
-9.99794007096
37.794140,-122.396562
-9.07326190364
37.794457,-122.396616
173.400832
37.794585,-122.396848
141.06149109
37.794456,-122.396616
173.417944886
37.794470,-122.396507
208.789456878
37.794491,-122.396327
234.280535795
----------
ChIJf66XXY-AhYARwoD1_L-NDhU
37.784978,-122.409572
147 Mason St, San Francisco, CA 94102, United States
37.784991,-122.409472
260.222851
37.785187,-122.409513
192.296068102
37.785089,-122.409492
209.323540865
37.784893,-122.409451
-48.8487078342
37.784795,-122.409430
-31.9018486614
37.785006,-122.409475
249.773479
37.785198,-122.409515
191.283465663
37.785102,-122.409495
205.958101429
37.784910,-122.409455
-54.3364187234
37.784815,-122.409435
-34.0824214911
50ca4825e4b03ff32bc1ae76
37.785085,-122.409382
147 Mason St, San Francisco, CA 94102
37.785071,-122.409488
80.224629
37.784875,-122.409447
13.4678067125
37.784969,-122.409467
29.8182020213
37.785169,-122.409509
129.445855864
37.785267,-122.409530
146.88579143
37.785006,-122.409475
42.563922
37.784855,-122.409443
11.5688106768
37.784931,-122.409459
21.2568836414
37.785081,-122.409491
87.1136784607
37.785156,-122.409506
125.550405697
----------
ChIJAVs94oOAhYARCQWQLNx8kB8
37.779950,-122.407177
197 6th St, San Francisco, CA 94103, United States
37.779848,-122.407308
45.214138
37.779726,-122.407193
2.88304282717
37.779784,-122.407228
13.4601865697
37.779912,-122.407387
76.8232155031
37.779976,-122.407467
96.0324901138
37.779874,-122.407340
59.123562
37.779696,-122.407230
9.00267179142
37.779810,-122.407261
25.0113397945
37.779938,-122.407420
86.0114776381
37.780002,-122.407499
101.066180749
50d09112e4b07cfd9193eb6b
37.779692,-122.407302
187 6th Street, San Francisco, CA 94103
37.779666,-122.407268
-46.159767
37.779794,-122.407109
236.007345157
37.779741,-122.407175
243.782686656
37.779601,-122.407347
21.1957809004
37.779537,-122.407426
32.1888275794
37.779914,-122.407391
162.097642
37.779958,-122.407445
156.524004828
37.779936,-122.407418
159.011102258
37.779892,-122.407363
166.033361893
37.779870,-122.407336
171.085083897
----------
ChIJp8BZ8rt9j4ARNi6zJWAyO8I
37.730265,-122.476253
595 Buckingham Way #587, San Francisco, CA 94132, United States
37.730148,-122.476249
-1.680393
37.730152,-122.476049
-55.3325367003
37.730150,-122.476149
-35.9617425857
37.730146,-122.476349
32.3283277153
37.730144,-122.476449
51.8769084772
37.730148,-122.476248
-2.262821
37.730152,-122.476048
-55.4746401934
37.730150,-122.476148
-36.2217839556
37.730146,-122.476348
32.0563972715
37.730144,-122.476448
51.7348092626
5144a104e4b07022e79fa5dc
37.730331,-122.476820
595 Buckingham Way, San Francisco, CA 94132
37.730140,-122.476816
-1.177810
37.730142,-122.476616
-40.9706802827
37.730141,-122.476716
-23.8387358606
37.730139,-122.476916
21.3183038248
37.730137,-122.477031
40.519607237
37.730148,-122.476248
-68.369151
37.730328,-122.475959
269.889036981
37.730149,-122.476208
-69.7423423881
37.730060,-122.476285
-57.8157131635
37.730060,-122.476321
-55.9807975429
----------
ChIJfykHaoqAhYARjhxKPN0Ir9c
37.792965,-122.402825
408 Montgomery St, San Francisco, CA 94111, United States
37.792963,-122.402843
81.361099
37.792767,-122.402804
-5.23554647773
37.792877,-122.402827
0.770574650302
37.793062,-122.402862
162.840349858
37.793160,-122.402880
167.011596972
37.793154,-122.402879
166.862633
37.793132,-122.402875
166.297327722
37.793143,-122.402877
166.599182198
37.793165,-122.402881
167.11277421
37.793176,-122.402883
167.325075278
4a3c118ff964a52012a11fe3
37.793252,-122.402844
408 Montgomery St, San Francisco, CA 94104
37.793246,-122.402896
81.241069
37.793049,-122.402859
3.05681952731
37.793148,-122.402878
14.0018150315
37.793344,-122.402914
148.440412627
37.793443,-122.402933
159.424989915
37.793154,-122.402879
15.368694
37.793080,-122.402865
5.19742029062
37.793117,-122.402872
8.98731480221
37.793191,-122.402886
28.1311125517
37.793228,-122.402893
57.6860393998
----------
ChIJ-6S4qp99j4AR-O-TLV-tW9o
37.733889,-122.489400
1501 Sloat Blvd, San Francisco, CA 94132, United States
37.734017,-122.489414
174.672100
37.734006,-122.489613
124.283629356
37.734010,-122.489514
142.861917668
37.734023,-122.489314
206.58259741
37.734030,-122.489214
225.893545365
37.733739,-122.489290
-30.461493
37.733843,-122.489015
-81.8303755383
37.733739,-122.489204
-46.523211056
37.733739,-122.489377
-7.39100717508
37.733738,-122.489463
18.081561229
555f8d96498ec84f84587222
37.733609,-122.489486
1501B Sloat Blvd, San Francisco, CA 94132
37.733738,-122.489487
179.405807
37.733737,-122.489687
128.498779443
37.733738,-122.489587
147.773799974
37.733739,-122.489387
210.912241508
37.733739,-122.489287
230.226925418
37.733739,-122.489290
229.777754
37.733908,-122.489547
170.519803666
37.733739,-122.489354
218.592679381
37.733739,-122.489226
237.444724033
37.733592,-122.489001
-87.8443815886
----------
ChIJzbZvkwl8j4ARB5WL5BP0v1g
37.685105,-122.464537
7800 El Camino Real, Daly City, CA 94015, United States
37.685193,-122.464275
246.777602
37.685364,-122.464367
207.216690702
37.685282,-122.464323
223.549914472
37.685104,-122.464227
269.905198531
37.685000,-122.464171
-70.4162153982
37.684954,-122.464147
-64.418259
37.685148,-122.464019
263.762183828
37.685018,-122.464181
-73.2669843684
37.684890,-122.464112
-57.8182369231
37.684826,-122.464078
-52.8971835143
4b3ea22df964a5200ca025e3
37.685003,-122.464435
7800 El Camino Real, Colma, CA 94014
37.685077,-122.464213
246.789036
37.685255,-122.464308
201.444750607
37.685166,-122.464260
220.04494923
37.685000,-122.464171
-89.4256894606
37.684899,-122.464117
-67.9273366049
37.685074,-122.464211
248.020759
37.685252,-122.464307
201.900862337
37.685163,-122.464259
220.829118297
37.685000,-122.464171
-89.4256894606
37.684896,-122.464115
-67.3939888223
----------
ChIJ-8WZeYmAhYAR7OGdxZbBOi4
37.790491,-122.404531
425 Bush St, San Francisco, CA 94108, United States
37.790508,-122.404400
260.502196
37.790705,-122.404446
197.172904064
37.790606,-122.404422
216.607393886
37.790410,-122.404380
-56.2072939901
37.790312,-122.404360
-37.4375019886
37.790460,-122.404391
-75.018343
37.790640,-122.404430
207.913070898
37.790546,-122.404408
240.101925541
37.790369,-122.404372
-46.3712916378
37.790278,-122.404353
-33.8820340634
4aee0c0bf964a5209ad121e3
37.790850,-122.404376
423 Bush St, San Francisco, CA 94108
37.790850,-122.404378
80.683650
37.790640,-122.404430
11.2155741239
37.790752,-122.404357
-9.05771964778
37.790948,-122.404400
168.715489085
37.791046,-122.404421
169.281432228
37.790693,-122.404552
41.171019
37.790546,-122.404408
4.41481563737
37.790634,-122.404429
10.648472544
37.790685,-122.404613
48.4624114688
37.790678,-122.404675
53.6451717174
----------
ChIJ4XytPoeAhYARe15vT8tWHII
37.782632,-122.403030
821 Howard St, San Francisco, CA 94103, United States
37.782838,-122.403288
134.773154
37.782712,-122.403449
103.173311952
37.782782,-122.403360
119.473740523
37.782901,-122.403208
151.975397999
37.782965,-122.403126
166.720625849
37.782850,-122.403273
138.086165
37.782725,-122.403432
105.836674252
37.782782,-122.403360
119.473740523
37.782912,-122.403193
154.848242325
37.782965,-122.403126
166.720625849
4b461693f964a520ff1526e3
37.782684,-122.402979
821 Howard St, San Francisco, CA 94103
37.782884,-122.403230
134.767575
37.782758,-122.403391
102.347859232
37.782821,-122.403310
117.127886567
37.782947,-122.403149
152.403262831
37.783009,-122.403069
167.293381525
37.782850,-122.403273
125.011890
37.782712,-122.403449
93.9307040615
37.782782,-122.403360
107.621613581
37.782913,-122.403192
143.209185104
37.782965,-122.403126
157.058838032
----------
ChIJTyjAdGOAhYARlNuwAZXqWmg
37.790442,-122.397350
50 Fremont St, San Francisco, CA 94105, United States
37.790201,-122.397050
-45.086295
37.790327,-122.396889
-72.8800671543
37.790264,-122.396969
-59.8366498773
37.790138,-122.397131
-30.1839306521
37.790076,-122.397211
-17.0858327053
37.790676,-122.396997
229.690048
37.790803,-122.397159
202.45598893
37.790739,-122.397078
215.61294005
37.790613,-122.396916
243.274583972
37.790549,-122.396835
254.911738801
50257f5ae4b001e1037ce4f7
37.790722,-122.397743
50 Fremont St, San Francisco, CA 94105
37.790994,-122.397402
224.509454
37.791120,-122.397563
199.392509405
37.791057,-122.397483
211.320360504
37.790931,-122.397322
237.620607415
37.790868,-122.397242
249.499404081
37.790676,-122.396997
-85.952764
37.790769,-122.397116
264.199605284
37.790723,-122.397057
269.557101008
37.790629,-122.396937
-82.1188972653
37.790583,-122.396878
-78.8994186339
----------
ChIJG_uSAV18j4ARQA3q28Xw5rg
37.697131,-122.483825
177 Southgate Ave, Daly City, CA 94015, United States
37.696943,-122.483744
-19.205051
37.696994,-122.483549
-58.2854343708
37.696969,-122.483647
-41.4517765831
37.696917,-122.483841
3.12183840083
37.696890,-122.483939
20.2568128638
37.697402,-122.483879
170.762798
37.697344,-122.484064
138.053870822
37.697374,-122.483967
154.773783338
37.697433,-122.483782
186.188100133
37.697462,-122.483697
196.765145455
4b01cc53f964a520844522e3
37.697246,-122.483793
177 Southgate Ave, Daly City, CA 94015
37.697404,-122.483871
158.240991
37.697344,-122.484064
114.229097814
37.697374,-122.483967
132.511962153
37.697433,-122.483782
182.436240875
37.697468,-122.483680
201.775817763
37.697402,-122.483879
156.124472
37.697342,-122.484072
113.018482034
37.697374,-122.483967
132.511962153
37.697433,-122.483782
182.436240875
37.697466,-122.483687
200.758706063
