----------
ChIJkQtw0AG3j4ARIXn997_1d7o
37.389923,-122.042300
415 N Mary Ave #105, Sunnyvale, CA 94085, United States
37.389844,-122.042160
-55.343076
37.389994,-122.042020
251.928177795
37.389919,-122.042091
-89.2069368879
37.389766,-122.042226
-21.1890217526
37.389689,-122.042289
-2.80483090072
37.390092,-122.041592
252.786140
37.390298,-122.041672
232.587147515
37.390128,-122.041546
250.600979455
37.389944,-122.041496
267.570710896
37.389920,-122.041525
269.696288229
4bf445e86a31d13a4791952e
37.389954,-122.042179
415 N Mary Ave Ste 105, Sunnyvale, CA 94085
37.389908,-122.042101
-54.376702
37.390054,-122.041959
239.78042035
37.389994,-122.042020
252.165058213
37.389833,-122.042170
-3.86240387768
37.389755,-122.042236
12.2015538731
37.390092,-122.041592
253.028861
37.390299,-122.041671
229.012407623
37.390128,-122.041546
250.396078958
37.389944,-122.041496
-89.4782328172
37.389906,-122.041541
-85.2262552996
----------
ChIJqXPxUB62j4AR2JlxNnV6JD8
37.381755,-121.995355
500 Lawrence Expy, Sunnyvale, CA 94085, United States
37.381757,-121.995088
268.878246
37.381957,-121.995090
225.762294709
37.381857,-121.995090
243.682081595
37.381657,-121.995087
-65.9665596259
37.381557,-121.995086
-47.9112697047
37.381707,-121.995772
81.256727
37.381509,-121.995769
52.7224225198
37.381608,-121.995770
65.4790509122
37.381806,-121.995773
98.0704384507
37.381909,-121.995774
114.138117048
4b5e0c85f964a520ea7a29e3
37.381912,-121.995265
500 Lawrence Expy, Sunnyvale, CA 94085
37.381913,-121.995090
268.897293
37.382141,-121.995094
210.212657765
37.381984,-121.995070
244.601315652
37.381813,-121.995089
-55.4301721614
37.381713,-121.995088
-35.9913130476
37.381707,-121.995772
62.552481
37.381529,-121.995769
45.7863296665
37.381618,-121.995770
53.2895729953
37.381796,-121.995773
73.425618035
37.381885,-121.995774
85.6284458718
----------
ChIJ3dwX0HC2j4AROamwlGAzcwg
37.361810,-122.024404
605 E El Camino Real #4, Sunnyvale, CA 94087, United States
37.361613,-122.024681
47.734326
37.361478,-122.024528
16.0418015823
37.361546,-122.024604
30.5816460664
37.361681,-122.024757
64.7900204895
37.361749,-122.024833
79.2564395677
37.361688,-122.024765
66.415410
37.361461,-122.024742
37.1375793967
37.361621,-122.024690
49.8412666266
37.361755,-122.024840
80.3912138572
37.361895,-122.024943
100.571165145
4c83da8ddc018cfa4116dc6c
37.361780,-122.024533
605 E El Camino Real, Sunnyvale, CA 94087
37.361648,-122.024719
47.712495
37.361512,-122.024567
5.19893756549
37.361580,-122.024643
23.1590132831
37.361716,-122.024795
72.2979428778
37.361783,-122.024872
90.0650643326
37.361688,-122.024765
62.915534
37.361460,-122.024740
26.6879777021
37.361621,-122.024689
37.4038721083
37.361756,-122.024841
83.7346322656
37.361888,-122.024946
107.508661206
----------
ChIJ9yMYoza3j4ARUClVxfSrIuo
37.394252,-122.077573
701 W Evelyn Ave, Mountain View, CA 94041, United States
37.394396,-122.077475
207.800926
37.394474,-122.077662
161.769681895
37.394436,-122.077567
180.851786351
37.394356,-122.077382
235.067247842
37.394317,-122.077289
253.543028087
37.394394,-122.077470
209.505425
37.394472,-122.077657
162.497227433
37.394427,-122.077542
187.425514639
37.394354,-122.077377
236.327039143
37.394314,-122.077283
254.359905979
4b216cbcf964a520a73b24e3
37.394262,-122.077519
701 W Evelyn Ave, Mountain View, CA 94041
37.394381,-122.077439
207.827265
37.394460,-122.077625
156.199777154
37.394427,-122.077542
172.996048212
37.394341,-122.077346
239.624029676
37.394305,-122.077261
257.622820552
37.394394,-122.077470
195.957615
37.394469,-122.077650
152.713504446
37.394427,-122.077542
172.996048212
37.394356,-122.077381
228.941446184
37.394318,-122.077292
252.265235327
----------
ChIJSYlo9j23j4ARedW6GP5Ff-c
37.397125,-122.061113
235 E Middlefield Rd, Mountain View, CA 94043, United States
37.397510,-122.060972
195.668704
37.397555,-122.061168
173.639982723
37.397533,-122.061070
184.25952329
37.397488,-122.060874
207.161587497
37.397465,-122.060776
217.741323904
37.397530,-122.061057
185.772631
37.397574,-122.061247
165.992579253
37.397552,-122.061152
175.239762419
37.397508,-122.060962
196.901325523
37.397486,-122.060867
207.983850323
4b3fbab9f964a52065ad25e3
37.397009,-122.061433
235 E Middlefield Rd, Mountain View, CA 94043
37.397569,-122.061228
195.669775
37.397614,-122.061424
180.13211528
37.397592,-122.061326
187.77712481
37.397547,-122.061130
203.637676705
37.397524,-122.061032
211.262712234
37.397530,-122.061057
209.398171
37.397676,-122.061213
194.149543124
37.397552,-122.061154
201.719899876
37.397508,-122.060960
216.538746851
37.397485,-122.060863
223.08934977
----------
ChIJxW3rsiuxj4ARFv8aondnhRc
37.373091,-122.087994
809 Cuesta Dr, Mountain View, CA 94040, United States
37.373090,-122.088176
89.090839
37.372871,-122.088172
32.2062513375
37.372988,-122.088174
53.9680683011
37.373198,-122.088178
125.529523753
37.373290,-122.088175
143.427017653
37.373345,-122.087855
202.998098
37.373344,-122.088038
171.526680818
37.373345,-122.087947
187.923921112
37.373346,-122.087763
215.232914484
37.373298,-122.087629
234.091034914
4b4fc498f964a520b11427e3
37.373038,-122.087708
809 Cuesta Dr, Mountain View, CA 94040
37.373056,-122.087543
261.468204
37.373252,-122.087575
205.793455384
37.373153,-122.087534
229.735521644
37.373032,-122.087511
-88.2580373373
37.372857,-122.087351
-58.1701232414
37.373345,-122.087855
158.563309
37.373344,-122.088042
138.378420316
37.373345,-122.087949
147.396472467
37.373346,-122.087761
171.57587532
37.373361,-122.087641
188.904018004
----------
ChIJv-HvlQfJj4ARISVErStyKkY
37.410872,-121.945934
3730 N 1st St #125, San Jose, CA 95134, United States
37.410720,-121.946075
35.857840
37.410617,-121.945899
-6.84510294686
37.410669,-121.945987
11.1341997202
37.410772,-121.946163
60.4986956474
37.410823,-121.946250
78.350637543
37.410310,-121.945933
-0.721710
37.410233,-121.945813
-9.22687814065
37.410272,-121.945873
-5.26619123657
37.410348,-121.945995
4.69842992648
37.410283,-121.946156
16.1092218477
4b3cce95f964a5208a8725e3
37.410782,-121.945891
3730 N 1st St, San Jose, CA 95134
37.410672,-121.945993
35.871621
37.410569,-121.945817
-16.0978461454
37.410621,-121.945905
3.35074195151
37.410724,-121.946081
68.212990757
37.410775,-121.946168
87.5218409855
37.410310,-121.945933
3.417905
37.410228,-121.945804
-7.73742431972
37.410269,-121.945869
-2.61671414742
37.410350,-121.946000
10.7215835939
37.410288,-121.946165
23.1942769647
----------
ChIJV2XhYCy3j4AR9MaR246Z-OY
37.383829,-122.080593
451 W El Camino Real # A, Mountain View, CA 94040, United States
37.383971,-122.080489
209.804046
37.384062,-122.080669
164.821749466
37.384017,-122.080579
182.802881996
37.383922,-122.080401
238.034433418
37.383870,-122.080307
259.215348301
37.383945,-122.080442
225.679936
37.384038,-122.080622
173.169760229
37.383992,-122.080531
196.219648666
37.383896,-122.080353
250.280905809
37.383807,-122.080327
-84.6566261906
4b299f5ef964a520d4a124e3
37.383816,-122.080673
451 W El Camino Real, Mountain View, CA 94040
37.383676,-122.080783
31.496752
37.383593,-122.080598
-15.6259084498
37.383633,-122.080692
4.09838112596
37.383721,-122.080874
58.7632180626
37.383768,-122.080970
78.031350076
37.383945,-122.080442
234.565370
37.384163,-122.080512
199.777627946
37.383991,-122.080529
212.819149809
37.383849,-122.080314
262.874079397
37.383784,-122.080335
-83.7691588338
----------
ChIJB9GVDd3Jj4ARh6_hZjxPhU0
37.389535,-121.983870
3155 Mission College Blvd, Santa Clara, CA 95054, United States
37.389714,-121.983788
199.471635
37.389772,-121.983983
158.620131245
37.389742,-121.983885
176.116276185
37.389686,-121.983691
222.760136487
37.389671,-121.983602
236.888291685
37.389105,-121.983824
-5.538100
37.389045,-121.983674
-18.3488039043
37.389075,-121.983749
-12.4490056459
37.389136,-121.983895
2.26932177529
37.389085,-121.984020
14.2391612056
4acb9f02f964a520a5c420e3
37.389455,-121.984082
3155 Mission College Blvd, Santa Clara, CA 95054
37.389278,-121.984210
29.405564
37.389194,-121.984026
-10.4204815195
37.389236,-121.984118
6.78007817217
37.389321,-121.984302
51.9394819158
37.389363,-121.984394
69.1093511668
37.389105,-121.983824
-31.118692
37.389071,-121.983738
-36.1299943793
37.389095,-121.983802
-32.5057965583
37.389031,-121.983831
-25.8673074162
37.389017,-121.984050
-3.95472995595
----------
ChIJMV15pZmwj4ARLhxqmN3SfWI
37.399880,-122.110182
2500 W El Camino Real, Mountain View, CA 94040, United States
37.400025,-122.110468
121.967397
37.399866,-122.110596
87.1000411973
37.399942,-122.110534
101.931361316
37.400104,-122.110404
141.139648203
37.400185,-122.110340
157.044374896
37.399447,-122.110035
-15.714917
37.399492,-122.109828
-36.6140606301
37.399420,-122.109983
-19.5806365359
37.399474,-122.110087
-11.1472166836
37.399377,-122.110240
4.75366844179
4a67c5c0f964a52009ca1fe3
37.399757,-122.110192
2500 W El Camino Real, Mountain View, CA 94040
37.399597,-122.110324
32.748405
37.399504,-122.110144
-9.20463511002
37.399550,-122.110234
8.60717342343
37.399644,-122.110414
56.9092619318
37.399691,-122.110504
74.5661774668
37.399447,-122.110035
-22.566838
37.399503,-122.109817
-50.2167272216
37.399425,-122.109992
-26.1647669423
37.399469,-122.110077
-18.1643914382
37.399367,-122.110222
2.96412953538
----------
ChIJsb9n7wy2j4ARPzQAGKqrMZw
37.366469,-122.013132
704 S Wolfe Rd, Sunnyvale, CA 94086, United States
37.366652,-122.013156
173.339606
37.366637,-122.013355
132.713296305
37.366644,-122.013256
149.950429435
37.366661,-122.013056
196.886274547
37.366669,-122.012957
214.365300284
37.366473,-122.013801
89.809028
37.366274,-122.013815
69.6934763047
37.366373,-122.013808
79.3433135382
37.366573,-122.013794
100.509944527
37.366672,-122.013787
110.660566592
4ac2ae47f964a520529a20e3
37.366457,-122.013189
704 S Wolfe Rd, Sunnyvale, CA 94086
37.366647,-122.013214
173.326490
37.366634,-122.013413
133.984802696
37.366640,-122.013314
150.820837217
37.366656,-122.013114
196.087585578
37.366664,-122.013015
213.281565625
37.366473,-122.013801
91.254182
37.366273,-122.013815
69.2277918618
37.366373,-122.013808
79.7745860189
37.366573,-122.013794
102.893119171
37.366673,-122.013787
113.710509854
----------
ChIJ-fSjVfK2j4ARUy2GRJ5vlqI
37.371072,-122.047047
956 W El Camino Real, Sunnyvale, CA 94087, United States
37.371451,-122.046920
194.390339
37.371493,-122.047116
171.937252233
37.371472,-122.047018
182.720074242
37.371431,-122.046822
206.062172877
37.371410,-122.046723
216.813076983
37.371452,-122.046920
194.326574
37.371493,-122.047117
171.906986892
37.371472,-122.047018
182.68509417
37.371431,-122.046822
206.015011222
37.371410,-122.046724
216.787440849
4c168e77daf42d7f365a4466
37.371210,-122.047040
956 W El Camino Real, Sunnyvale, CA 94087
37.371459,-122.046956
194.393303
37.371501,-122.047152
162.271973809
37.371480,-122.047054
177.017120803
37.371438,-122.046858
211.930537073
37.371417,-122.046759
226.594393474
37.371452,-122.046920
200.979811
37.371493,-122.047117
167.189552904
37.371472,-122.047019
183.147022783
37.371431,-122.046822
217.709824352
37.371410,-122.046723
231.073124807
----------
ChIJ0VWcnTS0j4ARHjdZ79VZotQ
37.337126,-122.040266
20916 Homestead Road, Cupertino, CA 95014, United States
37.337297,-122.040266
179.417882
37.337297,-122.040466
136.426247602
37.337297,-122.040366
154.426647372
37.337297,-122.040166
204.421930215
37.337297,-122.040066
222.426203892
37.337536,-122.040198
186.992627
37.337537,-122.040397
165.17069905
37.337536,-122.040297
175.922816342
37.337536,-122.040099
197.486561755
37.337535,-122.039999
206.91061557
4b2d4cf2f964a5208ed324e3
37.337145,-122.040298
20916 Homestead Rd, Cupertino, CA 95014
37.337297,-122.040298
179.417901
37.337297,-122.040517
130.511471383
37.337297,-122.040398
151.7511455
37.337297,-122.040198
207.100135527
37.337297,-122.040098
225.794135908
37.337536,-122.040198
190.990427
37.337537,-122.040395
168.286342669
37.337536,-122.040296
179.61655157
37.337536,-122.040100
201.478667559
37.337535,-122.040001
210.672719962
----------
ChIJ_e-aZ8e3j4ARSWoUxqpBuho
37.410314,-122.014818
264 E Java Dr, Sunnyvale, CA 94089, United States
37.410203,-122.014268
-76.425076
37.410392,-122.014198
260.452823202
37.410297,-122.014233
-88.5740099278
37.410108,-122.014301
-64.0493467346
37.410013,-122.014334
-52.6413543067
37.410844,-122.014665
192.398352
37.410887,-122.014860
176.031409949
37.410865,-122.014763
183.974488654
37.410822,-122.014567
200.873379586
37.410801,-122.014470
209.106991686
4b969a88f964a520fad734e3
37.410480,-122.014835
264 E Java Dr, Sunnyvale, CA 94089
37.410852,-122.014704
195.026094
37.410896,-122.014900
172.293534398
37.410874,-122.014802
183.234307952
37.410831,-122.014606
206.935457471
37.410809,-122.014508
217.835371469
37.410844,-122.014665
199.877282
37.410887,-122.014862
176.408879385
37.410866,-122.014763
187.838234165
37.410822,-122.014567
211.421809744
37.410800,-122.014468
221.796961285
----------
ChIJWRgaYkbKj4ARItmJ-WI0ako
37.350153,-121.962798
2068 El Camino Real, Santa Clara, CA 95050, United States
37.350306,-121.962784
183.470167
37.350313,-121.962921
147.979490595
37.350311,-121.962884
155.948230987
37.350305,-121.962684
210.204057065
37.350305,-121.962584
227.601449479
37.350305,-121.962729
199.320134
37.350371,-121.962923
154.853845367
37.350308,-121.962826
171.135527071
37.350305,-121.962635
219.951088843
37.350305,-121.962540
232.829664618
4b738953f964a52015b32de3
37.350252,-121.962853
2068 El Camino Real, Santa Clara, CA 95050
37.350309,-121.962848
183.514486
37.350313,-121.962921
138.05723001
37.350313,-121.962921
138.05723001
37.350305,-121.962729
241.154966351
37.350305,-121.962648
251.298244569
37.350305,-121.962729
241.154966
37.350478,-121.962926
164.854186678
37.350392,-121.962728
214.70943104
37.350305,-121.962681
248.203628872
37.350305,-121.962633
252.503366901
----------
ChIJ7zUGKFa6j4AReJjkOzGQVHg
37.433502,-122.129054
2717 Middlefield Rd, Palo Alto, CA 94306, United States
37.433335,-122.129222
38.123973
37.433226,-122.129050
-1.1414611451
37.433280,-122.129136
15.9607096174
37.433384,-122.129300
58.515584837
37.433444,-122.129394
77.3087618833
37.433335,-122.129222
38.123973
37.433226,-122.129050
-1.1414611451
37.433280,-122.129136
15.9607096174
37.433384,-122.129300
58.515584837
37.433444,-122.129394
77.3087618833
4ab18fc9f964a520ff6920e3
37.433434,-122.129118
2717 Middlefield Rd, Palo Alto, CA 94306
37.433333,-122.129220
38.123430
37.433224,-122.129048
-15.4557762993
37.433279,-122.129134
4.13809349559
37.433384,-122.129300
70.5448403371
37.433442,-122.129392
91.5421461976
37.433335,-122.129222
39.281850
37.433226,-122.129050
-15.1348661184
37.433280,-122.129136
4.82846133739
37.433384,-122.129300
70.5448403371
37.433444,-122.129395
91.9869530522
----------
ChIJPziJaIi1j4ARlVxm_wiKBf8
37.337511,-121.994824
3586 Homestead Rd, Santa Clara, CA 95051, United States
37.337528,-121.994574
264.512762
37.337727,-121.994587
220.596089377
37.337628,-121.994582
238.293386977
37.337429,-121.994564
-68.9521355917
37.337329,-121.994553
-50.5322481193
37.337780,-121.994821
179.850169
37.337772,-121.995020
148.33973731
37.337776,-121.994921
163.122886574
37.337784,-121.994721
196.147726868
37.337785,-121.994621
209.966493613
4b709d4cf964a52058252de3
37.337454,-121.994792
3586 Homestead Rd, Santa Clara, CA 95051
37.337277,-121.994792
-0.635494
37.337277,-121.994592
-42.6833071724
37.337277,-121.994706
-21.6803994022
37.337277,-121.994892
23.6104309161
37.337277,-121.994992
41.3674162671
37.337780,-121.994821
175.280555
37.337772,-121.995021
149.482201142
37.337776,-121.994921
161.644066249
37.337784,-121.994721
189.149591913
37.337785,-121.994622
201.723258331
----------
ChIJcW8mjeW6j4ARG6xox36yV_c
37.426131,-122.144728
421 California Ave, Palo Alto, CA 94306, United States
37.426223,-122.144908
122.206345
37.426065,-122.145036
74.4591914253
37.426144,-122.144972
93.2991733489
37.426302,-122.144844
151.108099693
37.426381,-122.144780
170.136451349
37.426222,-122.144909
121.807832
37.426064,-122.145037
74.2458365081
37.426143,-122.144973
92.9626490496
37.426301,-122.144845
150.780912641
37.426380,-122.144780
169.956815368
4b22b37af964a520104c24e3
37.426147,-122.144789
421 S California Ave, Palo Alto, CA 94306
37.426212,-122.144917
122.187595
37.426054,-122.145045
65.0007271648
37.426133,-122.144981
84.2616611951
37.426291,-122.144853
160.019791481
37.426370,-122.144789
179.562155031
37.426222,-122.144909
127.709404
37.426066,-122.145036
67.0952939287
37.426144,-122.144972
88.3046235528
37.426300,-122.144846
163.060074298
37.426378,-122.144782
180.82566854
----------
ChIJI4VNOmO6j4ARvjzjcCJKE2A
37.413263,-122.125096
4131 El Camino Real #100, Palo Alto, CA 94306, United States
37.413314,-122.124918
249.623429
37.413497,-122.125001
197.305581743
37.413406,-122.124960
216.792440223
37.413222,-122.124876
-77.5105582442
37.413131,-122.124834
-58.2347023222
37.412951,-122.125281
24.776213
37.412826,-122.125177
7.85549173402
37.412889,-122.125229
15.270175192
37.413013,-122.125333
36.6082796568
37.413001,-122.125528
52.2344009736
4ab576baf964a520c77420e3
37.413272,-122.125179
4131 El Camino Real, Palo Alto, CA 94306
37.413343,-122.124931
249.647530
37.413527,-122.125015
206.728642728
37.413435,-122.124973
224.761720346
37.413251,-122.124889
-85.4162657427
37.413169,-122.124852
-68.9939667606
37.412951,-122.125281
13.682029
37.412847,-122.125194
1.08144558722
37.412899,-122.125237
6.58714138391
37.413003,-122.125324
22.7994253582
37.412980,-122.125511
41.6643215136
----------
ChIJVxRE8VW3j4ARMggIiLi-e0A
37.416219,-122.079542
1477 Plymouth St, Mountain View, CA 94043, United States
37.416224,-122.079714
91.530437
37.416033,-122.079713
35.6358438796
37.416124,-122.079718
55.4417155254
37.416324,-122.079709
127.612046743
37.416424,-122.079705
147.080163027
37.416274,-122.079712
111.529854
37.416086,-122.079720
46.3640611563
37.416180,-122.079716
73.7363521158
37.416368,-122.079707
137.934059989
37.416462,-122.079703
151.590915899
4b0304a3f964a520f04b22e3
37.416269,-122.079325
1477 Plymouth St Ste B, Mountain View, CA 94043
37.416269,-122.079252
269.929861
37.416517,-122.079248
193.355239546
37.416368,-122.079155
233.315835067
37.416169,-122.079253
-30.5305912949
37.416069,-122.079254
-16.3528372658
37.416274,-122.079712
90.351068
37.416074,-122.079721
57.7577409629
37.416174,-122.079716
72.5200595815
37.416374,-122.079707
108.438456254
37.416474,-122.079702
123.670146881
----------
ChIJm-C648vLj4ARYy4zPNKAPL0
37.366098,-121.941789
2480 De La Cruz Blvd, Santa Clara, CA 95050, United States
37.366096,-121.941482
269.708363
37.366296,-121.941480
230.554086391
37.366196,-121.941481
247.603923451
37.365996,-121.941483
-67.9888850185
37.365887,-121.941484
-49.7531616246
37.366054,-121.941482
-80.494815
37.366251,-121.941481
237.393276765
37.366153,-121.941482
256.789433371
37.365955,-121.941483
-60.3295877766
37.365856,-121.941484
-45.8619965358
4b92c09ef964a520731834e3
37.366175,-121.941731
2480 DE La Cruz Blvd, Santa Clara, CA 95050
37.366174,-121.941481
269.702724
37.366374,-121.941480
224.560845508
37.366274,-121.941481
243.00604148
37.366074,-121.941482
-63.6841674284
37.365974,-121.941483
-45.2033672571
37.366054,-121.941482
-59.309174
37.366227,-121.941481
254.885683198
37.366140,-121.941482
-80.750119007
37.365968,-121.941483
-44.3219535801
37.365887,-121.941484
-35.0676784881
----------
ChIJQZvf3qzLj4AR4VM4F5mDSiU
37.348334,-121.945946
1171 Homestead Rd #120, Santa Clara, CA 95050, United States
37.348202,-121.945870
-25.149676
37.348271,-121.945680
-74.0590953086
37.348236,-121.945775
-55.0934215144
37.348168,-121.945965
4.62358062564
37.348134,-121.946060
23.9181810722
37.348199,-121.945878
-22.707027
37.348267,-121.945689
-72.7140395664
37.348233,-121.945783
-52.854422472
37.348165,-121.945973
6.57166653632
37.348132,-121.946068
25.0325902352
4b145824f964a5208fa123e3
37.348309,-121.946005
1171 Homestead Rd, Santa Clara, CA 95050
37.348180,-121.945931
-25.170301
37.348249,-121.945741
-74.696534838
37.348214,-121.945836
-55.6066363671
37.348151,-121.946011
1.24046854538
37.348113,-121.946122
24.8564976032
37.348199,-121.945878
-43.474995
37.348266,-121.945693
-80.8796150371
37.348233,-121.945785
-67.1024118414
37.348166,-121.945971
-11.4196222752
37.348078,-121.945973
-6.97811104243
----------
ChIJhzHBsAe6j4ARnpEsbf9F02c
37.414079,-122.093347
2105 Old Middlefield Way, Mountain View, CA 94043, United States
37.414556,-122.093302
183.771493
37.414568,-122.093502
165.28395312
37.414562,-122.093402
174.268661532
37.414550,-122.093202
193.227925866
37.414545,-122.093102
202.174819372
37.414127,-122.092651
264.516839
37.414325,-122.092681
244.603451651
37.414226,-122.092665
254.318859337
37.414028,-122.092637
-85.395225837
37.413929,-122.092623
-75.9647236669
55bd295a498ec82f6d3cce42
37.414200,-122.093221
2105 Old Middlefield Way #F, Mountain View, CA 94043
37.414550,-122.093193
183.127240
37.414561,-122.093393
158.694592601
37.414555,-122.093293
170.284896153
37.414545,-122.093093
195.931216853
37.414540,-122.092993
207.580393732
37.414127,-122.092651
-81.415656
37.414318,-122.092680
254.103121174
37.414223,-122.092665
266.480611
37.414048,-122.092640
-72.4397827691
37.413934,-122.092624
-61.4032881047
----------
ChIJv43cyyq2j4ARFNWQCZlL0QA
37.403848,-121.994535
1139 Tasman Dr, Sunnyvale, CA 94089, United States
37.403853,-121.994398
266.986074
37.404025,-121.994434
203.767079651
37.403953,-121.994403
224.520769118
37.403753,-121.994392
-50.7951890184
37.403650,-121.994387
-31.4482371687
37.403651,-121.994534
-0.819923
37.403651,-121.994334
-39.7829561221
37.403650,-121.994434
-22.8045554204
37.403652,-121.994634
21.3461920057
37.403653,-121.994734
38.496056118
4c8e7c83b3bcb60ca3f75927
37.403727,-121.994487
1139 Tasman Dr, Sunnyvale, CA 94089
37.403730,-121.994391
266.994007
37.403930,-121.994402
197.946537791
37.403830,-121.994396
214.473156239
37.403630,-121.994386
-40.2988280813
37.403530,-121.994383
-23.5396277235
37.403651,-121.994534
25.787013
37.403563,-121.994384
-27.3096523022
37.403609,-121.994385
-35.049963349
37.403652,-121.994625
55.0273301853
37.403653,-121.994715
67.1871437291
----------
ChIJv28aPxPKj4ARD1vCXSKVS8s
37.353129,-121.977324
2799 El Camino Real, Santa Clara, CA 95051, United States
37.353312,-121.977325
179.129808
37.353311,-121.977525
138.056999957
37.353312,-121.977425
155.578602727
37.353313,-121.977225
202.680407166
37.353313,-121.977125
220.201287921
37.352450,-121.977299
-2.310591
37.352451,-121.977099
-15.4481867209
37.352450,-121.977199
-8.97808700919
37.352450,-121.977399
4.40824358267
37.352451,-121.977499
11.0046819391
4e4cfb57bd413c4cc66dbbd4
37.353169,-121.977462
2799 El Camino Real, Santa Clara, CA 95051
37.353312,-121.977463
179.123138
37.353311,-121.977641
134.251840355
37.353311,-121.977563
149.860762048
37.353312,-121.977363
208.307459138
37.353312,-121.977263
227.307643882
37.352450,-121.977299
-10.883467
37.352451,-121.977102
-22.4101590878
37.352450,-121.977201
-16.8053785868
37.352450,-121.977397
-4.75056817395
37.352451,-121.977495
1.47477936529
----------
ChIJh6fcOZDJj4ARzrz0I2U9B10
37.386312,-121.960786
3700 Thomas Rd #103, Santa Clara, CA 95054, United States
37.386451,-121.960848
159.605472
37.386385,-121.961041
109.219427429
37.386423,-121.960945
130.646031779
37.386479,-121.960751
188.890817997
37.386506,-121.960654
207.873497548
37.386179,-121.960707
-25.877997
37.386253,-121.960519
-75.1631417644
37.386216,-121.960613
-55.8586199506
37.386142,-121.960801
3.45462798936
37.386105,-121.960895
22.2645961711
4b37d46ef964a520fc4625e3
37.386242,-121.960710
3700 Thomas Rd, Santa Clara, CA 95054
37.386190,-121.960678
-27.003689
37.386264,-121.960490
262.110193404
37.386227,-121.960584
-82.3686734196
37.386153,-121.960773
28.8101740641
37.386116,-121.960867
44.2997302148
37.386179,-121.960707
-2.517207
37.386244,-121.960542
268.556842815
37.386212,-121.960625
-66.5187597895
37.386147,-121.960790
33.079622431
37.386114,-121.960872
44.7760432059
----------
ChIJiYkVmbi1j4ARf61KP_9qxdo
37.337245,-122.022825
19998 E Homestead Rd, Cupertino, CA 95014, United States
37.337263,-122.023012
96.425117
37.337044,-122.023034
39.1337298501
37.337246,-122.023030
89.6876629711
37.337362,-122.023012
127.539538777
37.337415,-122.022989
141.700175835
37.337415,-122.022835
176.637628
37.337403,-122.023012
136.022461623
37.337415,-122.022935
152.126497412
37.337415,-122.022735
202.26414919
37.337415,-122.022621
223.121431238
4b835898f964a520520331e3
37.337318,-122.022873
19998 Homestead Rd, Cupertino, CA 95014
37.337415,-122.022873
179.360165
37.337409,-122.023012
128.808394289
37.337415,-122.022973
139.918504436
37.337415,-122.022773
218.83818639
37.337415,-122.022673
238.079749934
37.337415,-122.022835
196.648075
37.337414,-122.023008
131.154771341
37.337415,-122.022931
153.962866487
37.337415,-122.022739
227.14018645
37.337358,-122.022622
258.257665373
----------
ChIJdwOiUp-1j4ARTBy4TWABMnw
37.326978,-122.013739
10123 North Wolfe Rd FC1, Cupertino, CA 95014, United States
37.326805,-122.013818
19.426617
37.326780,-122.013630
-24.2945078917
37.326779,-122.013728
-3.14727779689
37.326831,-122.013914
43.1134956717
37.326834,-122.014001
54.8254285134
37.322985,-122.032166
74.225498
37.322825,-122.032112
73.6032697935
37.322889,-122.032169
73.8828068821
37.323081,-122.032165
74.574591933
37.323177,-122.032164
74.9244859791
4b9eedb7f964a520090b37e3
37.326837,-122.013653
Vallco Shopping Mall, Cupertino, CA 95014
37.326780,-122.013652
-1.641544
37.326781,-122.013452
-71.4839613247
37.326781,-122.013567
-51.5549172942
37.326779,-122.013728
45.2344756735
37.326810,-122.013836
78.9118952807
37.322985,-122.032166
74.803261
37.322825,-122.032114
74.183800029
37.322889,-122.032169
74.4591296973
37.323081,-122.032165
75.1536997935
37.323178,-122.032164
75.5045355415
----------
ChIJPQOajz22j4AR2TTBGfu7-2Q
37.381198,-122.007796
927 E Arques Ave, Sunnyvale, CA 94085, United States
37.381198,-122.007906
89.332162
37.380998,-122.007905
22.9790761731
37.381098,-122.007906
40.5447508583
37.381298,-122.007906
138.146971897
37.381398,-122.007906
155.681928419
37.380919,-122.007689
-17.598025
37.380918,-122.007499
-40.8183868754
37.380918,-122.007594
-30.5579796295
37.380919,-122.007784
-2.57170811233
37.380920,-122.007879
12.7985408901
53d298ec498e53e973b523dc
37.381202,-122.007621
927 E Arques Ave, Sunnyvale, CA 94085
37.381343,-122.007764
140.375245
37.381215,-122.007906
92.7718671645
37.381332,-122.007841
126.022463017
37.381407,-122.007735
155.494572587
37.381471,-122.007734
160.804394639
37.380919,-122.007689
10.263753
37.380918,-122.007492
-20.521488459
37.380918,-122.007590
-5.52198705262
37.380919,-122.007788
24.5994934308
37.380955,-122.007905
41.9189664921
----------
ChIJYeuzzcbJj4ARzx_PxCaYruY
37.395944,-121.973480
2401 Agnew Road Cedar Fair, Santa Clara, CA 95054, United States
37.395981,-121.973010
263.729643
37.396180,-121.973035
235.832134893
37.396080,-121.973022
248.916443703
37.395882,-121.972997
-81.4345161474
37.395783,-121.972985
-68.3863754784
37.398701,-121.964176
248.995709
37.398862,-121.964301
247.651601616
37.398781,-121.964239
248.326275227
37.398619,-121.964114
249.676253881
37.398536,-121.964056
250.355383379
51aa5f51498efd980921732a
37.396066,-121.973819
4701 Great America Pkwy, Santa Clara, CA 95054
37.396128,-121.973028
263.728202
37.396327,-121.973053
246.285050824
37.396227,-121.973040
254.818678733
37.396029,-121.973016
-87.292692999
37.395929,-121.973003
-78.7693804843
37.398451,-121.975511
149.857330
37.398356,-121.975765
145.245641584
37.398392,-121.975541
148.804276645
37.398512,-121.975436
151.569489322
37.398571,-121.975349
153.396895839
----------
ChIJs2q9C226j4ARohCdKz3cBH8
37.418745,-122.109046
3962 Middlefield Rd, Palo Alto, CA 94306, United States
37.418697,-122.108949
-58.806343
37.418858,-122.108824
237.040015224
37.418777,-122.108887
255.195084703
37.418617,-122.109012
-12.4781414452
37.418537,-122.109075
5.75758207074
37.418995,-122.108904
203.791636
37.419084,-122.109079
174.982727
37.419039,-122.108993
187.689122727
37.418951,-122.108815
221.202914489
37.418907,-122.108727
236.965677581
508acdb8e4b0167a9cd10354
37.418756,-122.109121
3962 Middlefield Rd, Palo Alto, CA 94303
37.418806,-122.109220
121.697745
37.418647,-122.109347
58.2052681364
37.418726,-122.109283
76.5864744229
37.418886,-122.109156
167.134546089
37.418965,-122.109093
185.552002224
37.418973,-122.108859
223.439891
37.419065,-122.109045
190.560956917
37.419018,-122.108950
206.926256558
37.418904,-122.108787
240.314116179
37.418883,-122.108677
249.78061563
----------
ChIJ7-sVexm0j4ARX_mUL2sWyIY
37.337135,-122.066174
22352 Homestead Rd, Cupertino, CA 95014, United States
37.337141,-122.066368
91.655274
37.336941,-122.066378
39.4112607655
37.337041,-122.066373
58.8019442376
37.337241,-122.066363
124.521106001
37.337341,-122.066358
143.925842696
37.337483,-122.066200
176.003592
37.337482,-122.066400
152.036390052
37.337483,-122.066300
163.31136917
37.337483,-122.066100
189.047009101
37.337483,-122.066001
201.134687015
4d0d29f4903d37042258c255
37.337139,-122.066282
22352 Homestead Rd, Cupertino, CA 95014
37.337142,-122.066368
91.609640
37.336942,-122.066377
20.5932553978
37.337042,-122.066372
36.146748739
37.337242,-122.066363
147.346831706
37.337342,-122.066358
162.795727874
37.337483,-122.066200
190.206304
37.337482,-122.066397
164.488172933
37.337483,-122.066298
177.263804372
37.337483,-122.066102
202.148768937
37.337483,-122.066003
212.324679958
----------
ChIJWXiVUiXKj4ARUpSce3rTJ5A
37.366626,-121.959020
2503 Scott Blvd, Santa Clara, CA 95050, United States
37.366253,-121.959016
-1.085570
37.366254,-121.958800
-25.9201350546
37.366254,-121.958916
-13.2042066155
37.366253,-121.959116
10.9614626811
37.366252,-121.959216
22.0615455878
37.366621,-121.959540
88.705595
37.366441,-121.959570
66.4980005979
37.366521,-121.959539
75.1474434731
37.366721,-121.959541
102.246550648
37.366821,-121.959541
114.467854204
4e569f9a1495eb38e20adceb
37.366668,-121.959129
2503 Scott Blvd, Santa Clara, CA 95050
37.366684,-121.959540
92.071623
37.366475,-121.959539
58.8900181193
37.366584,-121.959540
75.0084663303
37.366784,-121.959541
108.779168436
37.366884,-121.959542
122.60447536
37.366621,-121.959540
81.247075
37.366428,-121.959500
50.3821495231
37.366522,-121.959539
65.3439996712
37.366720,-121.959541
98.3458532856
37.366819,-121.959541
113.988020111
----------
ChIJPauoul67j4AR7MO501brv6I
37.465732,-122.156763
850 Willow Rd, Menlo Park, CA 94025, United States
37.465881,-122.156712
194.671025
37.465936,-122.156914
149.000674512
37.465919,-122.156793
172.208544114
37.465864,-122.156613
221.621193472
37.465848,-122.156507
239.941011777
37.465848,-122.156989
122.355304
37.465686,-122.157115
80.2611073084
37.465771,-122.157056
98.8895777776
37.465926,-122.156922
146.277061845
37.466006,-122.156898
158.081913058
50240c43e4b062a81b071acf
37.465697,-122.156952
850 Willow Rd, Menlo Park, CA 94025
37.465752,-122.157071
119.458362
37.465580,-122.157177
56.3992838734
37.465667,-122.157127
77.4867285861
37.465830,-122.157006
161.585166404
37.465953,-122.157019
167.772661018
37.465848,-122.156989
168.413209
37.465793,-122.157156
119.956713721
37.465843,-122.157115
137.708397955
37.465897,-122.156945
181.037998157
37.465904,-122.156775
213.695417726
----------
ChIJHUHWVqvHj4ARcRRXxfG1NQs
37.490410,-121.947822
46050 Fremont Blvd, Fremont, CA 94538, United States
37.490739,-121.947992
156.997980
37.490677,-121.948184
132.118974117
37.490707,-121.948088
143.884683272
37.490770,-121.947896
170.087126596
37.490799,-121.947802
181.707326649
37.490157,-121.948221
50.860216
37.490008,-121.948086
26.9854712863
37.490080,-121.948157
38.3205904988
37.490237,-121.948279
63.9194064534
37.490318,-121.948334
76.6079889914
4d1a4b2481cea35dc99efbec
37.490368,-121.947913
46050 Fremont Blvd, Fremont, CA 94538
37.490217,-121.948265
61.011583
37.490060,-121.948138
29.5712740317
37.490136,-121.948204
44.3024610841
37.490300,-121.948323
77.6804043944
37.490385,-121.948380
92.035228974
37.490157,-121.948221
48.685287
37.490008,-121.948087
20.4225893799
37.490080,-121.948157
33.4722181172
37.490236,-121.948279
64.9290350992
37.490316,-121.948333
80.4818301935
----------
ChIJmakMvDm7j4AR4tu1y0_I0QQ
37.444938,-122.162790
205 University Ave, Palo Alto, CA 94301, United States
37.444857,-122.162664
-51.892325
37.445001,-122.162519
253.309082406
37.444929,-122.162592
-87.2166778807
37.444785,-122.162737
-16.0888122082
37.444694,-122.162793
0.0528403844942
37.444862,-122.162660
-54.163689
37.445006,-122.162514
252.390532207
37.444934,-122.162587
-88.9895252531
37.444790,-122.162732
-17.7608879588
37.444690,-122.162787
-1.06208637947
4e540a7c6365676e99de4a1d
37.444829,-122.162712
314 University Ave, Palo Alto, CA 94301
37.444821,-122.162700
-51.813993
37.444965,-122.162555
222.105525214
37.444893,-122.162628
225.859791065
37.444749,-122.162773
30.8324428253
37.444694,-122.162793
25.0292645943
37.446171,-122.161368
218.093442
37.446188,-122.161352
218.084768493
37.446179,-122.161360
218.089084198
37.446163,-122.161376
218.097873761
37.446154,-122.161384
218.104456985
----------
ChIJhftFJ2rHj4ART5UpSVIYGzw
37.504228,-121.975880
5589 Auto Mall Pkwy, Fremont, CA 94538, United States
37.504028,-121.975749
-28.150431
37.504105,-121.975561
-64.8056264883
37.504067,-121.975655
-48.5980857496
37.503989,-121.975843
-7.70101412025
37.503951,-121.975937
8.59646771767
37.504027,-121.975752
-27.459878
37.504104,-121.975565
-64.3465840594
37.504065,-121.975658
-47.9860552795
37.503988,-121.975846
-7.16211993802
37.503950,-121.975939
8.99153933932
4b7ef253f964a5207a0b30e3
37.504252,-121.975880
5589 Auto Mall Pkwy, Fremont, CA 94538
37.504033,-121.975737
-28.156353
37.504110,-121.975549
-62.3094303524
37.504071,-121.975643
-46.9008183761
37.503994,-121.975831
-9.28931948781
37.503956,-121.975925
6.19941875853
37.504027,-121.975752
-24.949470
37.504103,-121.975566
-59.9689759047
37.504065,-121.975659
-43.9654687926
37.503988,-121.975845
-6.66184752174
37.503950,-121.975938
8.10501226062
