----------
ChIJmZRjIEdU2YARaplhhxDpwS0
32.754920,-117.105926
4151 El Cajon Blvd, San Diego, CA 92105, United States
32.755093,-117.105927
179.750006
32.755092,-117.106138
134.009956502
32.755093,-117.106027
153.7728059
32.755094,-117.105827
205.773050991
32.755094,-117.105727
224.045698891
32.755094,-117.105802
211.039829
32.755243,-117.105972
173.243977623
32.755094,-117.105887
190.704314674
32.755094,-117.105717
225.504833324
32.754990,-117.105598
255.812153586
4ba93147f964a52007133ae3
32.755013,-117.105957
4151 El Cajon Blvd, San Diego, CA 92105
32.755093,-117.105958
179.755115
32.755092,-117.106138
117.528348922
32.755093,-117.106058
133.098443625
32.755094,-117.105858
226.122829343
32.755094,-117.105758
244.309579976
32.755094,-117.105802
238.303585
32.755241,-117.105908
190.363370533
32.755239,-117.105852
201.464505425
32.755094,-117.105750
245.171729475
32.754922,-117.105600
-73.15192894
----------
ChIJi39fhflU2YAR_Iki_ImFNbA
32.754855,-117.131624
2885 El Cajon Blvd, San Diego, CA 92104, United States
32.754690,-117.131625
0.276860
32.754690,-117.131406
-47.9955703837
32.754690,-117.131525
-26.7998950326
32.754691,-117.131725
27.4922588557
32.754691,-117.131825
46.0395040213
32.755235,-117.131703
170.117956
32.755235,-117.131900
148.552468046
32.755235,-117.131801
158.547353165
32.755273,-117.131622
180.26816379
32.755239,-117.131505
194.732643659
4bddf96489ca76b0d0875d5e
32.754933,-117.131591
2885 El Cajon Blvd, San Diego, CA 92104
32.754935,-117.131414
269.382024
32.755135,-117.131417
216.136617437
32.755035,-117.131415
235.565957527
32.754835,-117.131413
-56.8719708816
32.754740,-117.131413
-37.8759546295
32.755235,-117.131703
162.693046
32.755235,-117.131894
139.808136178
32.755235,-117.131799
149.957033083
32.755237,-117.131607
177.55486259
32.755324,-117.131538
186.61092953
----------
ChIJKb4f68BT2YARZ2gao0eFpyM
32.703487,-117.101341
4415 Imperial Ave, Suite B, Imperial Market Place, San Diego, CA 92113, United States
32.703299,-117.101388
11.928290
32.703232,-117.101210
-23.5199561288
32.703273,-117.101294
-10.5086085748
32.703316,-117.101487
35.8715274594
32.703334,-117.101585
53.4728317928
32.709300,-117.168403
95.927172
32.709300,-117.168403
95.9271723666
32.709300,-117.168403
95.9271723666
32.709334,-117.168454
95.9565429782
32.709368,-117.168505
95.9857660938
4c0a9f3effb8c9b627e56b61
32.703416,-117.101406
4415 Imperial Ave, San Diego, CA 92113
32.703306,-117.101431
10.842892
32.703244,-117.101234
-40.1596119752
32.703289,-117.101332
-26.0981137672
32.703324,-117.101529
48.5877878171
32.703341,-117.101628
68.327137349
32.704065,-117.101426
178.555513
32.704066,-117.101632
163.654866155
32.704066,-117.101526
171.179042829
32.704065,-117.101326
186.005608509
32.704065,-117.101226
193.2547031
----------
ChIJa09OTFpT2YARLISFAEHFzd8
32.708200,-117.159027
611 K St, San Diego, CA 92101, United States
32.708202,-117.159214
90.776364
32.708002,-117.159216
39.0494167116
32.708102,-117.159215
58.4293356048
32.708302,-117.159212
123.181838738
32.708402,-117.159211
142.545993701
32.708348,-117.158970
198.228605
32.708351,-117.159161
143.144830932
32.708350,-117.159066
167.780016899
32.708348,-117.158875
221.167692175
32.708347,-117.158780
234.968040328
4ac7f99ff964a520f8ba20e3
32.708429,-117.159125
611 K St #A, San Diego, CA 92101
32.708351,-117.159127
1.134899
32.708348,-117.158927
-64.0374251441
32.708349,-117.159027
-45.9179624116
32.708352,-117.159211
43.502530245
32.708351,-117.159327
65.5941055425
32.708348,-117.158970
-58.290967
32.708348,-117.158866
-69.4990223692
32.708348,-117.158918
-65.0237027449
32.708349,-117.159021
-47.6630284877
32.708179,-117.159214
16.8379260755
----------
ChIJHTH1oalU2YARiUc7KQyH5VA
32.716133,-117.166064
330 W Broadway #103, San Diego, CA 92101, United States
32.715774,-117.166071
1.034902
32.715772,-117.165871
-24.2015734457
32.715773,-117.165971
-12.2262664514
32.715775,-117.166171
14.2621958157
32.715775,-117.166271
26.1457782098
32.715775,-117.166094
4.164293
32.715772,-117.165894
-21.572087013
32.715773,-117.165994
-9.22385268433
32.715775,-117.166194
17.1136196967
32.715775,-117.166294
28.5618768437
4bd9ee0f2a3a0f47aaf2a8b6
32.715648,-117.166378
330 W Broadway, San Diego, CA 92101
32.715649,-117.166378
180.089923
32.715650,-117.166578
90.6660480671
32.715649,-117.166478
90.9709603181
32.715649,-117.166278
269.208884725
32.715649,-117.166178
269.649337047
32.715775,-117.166094
242.270107
32.715775,-117.166188
231.845089618
32.715775,-117.166141
237.803249982
32.715649,-117.166048
269.823245051
32.715649,-117.166018
269.84528592
----------
ChIJiZhGgtpU2YARpnNH91oS8Wg
32.748042,-117.162065
3886 4th Ave, San Diego, CA 92103, United States
32.748041,-117.162176
89.781190
32.747841,-117.162174
24.7878811214
32.747941,-117.162175
42.7132543048
32.748141,-117.162176
136.580415491
32.748249,-117.162177
155.546021687
32.748049,-117.161599
269.141104
32.748249,-117.161602
242.207570825
32.748149,-117.161601
254.830444225
32.747949,-117.161598
-76.6496673132
32.747849,-117.161597
-63.9145535611
4b11ba29f964a5203a8323e3
32.748081,-117.161984
3886 4th Ave, San Diego, CA 92103
32.748249,-117.161984
180.116446
32.748249,-117.162177
135.967823145
32.748249,-117.162084
153.398234195
32.748249,-117.161884
206.79070034
32.748249,-117.161784
225.259823457
32.748049,-117.161599
-84.202108
32.748249,-117.161579
243.94032988
32.748148,-117.161601
258.330165132
32.747950,-117.161598
-67.9665117916
32.747850,-117.161597
-54.7219579184
----------
ChIJ70YHdRpV2YAR8ZUgeoEVmFM
32.771059,-117.142033
2075 Camino De La Reina, San Diego, CA 92108, United States
32.771222,-117.142058
172.759209
32.771242,-117.142065
171.781262882
32.771222,-117.142058
172.759208961
32.771222,-117.142058
172.759208961
32.771222,-117.142058
172.759208961
32.771394,-117.142171
160.869506
32.771338,-117.142364
134.997435155
32.771366,-117.142267
147.235715185
32.771418,-117.142074
174.559574949
32.771436,-117.141976
187.386357753
4bd765dd09ecb713e7c7467c
32.771141,-117.142500
2075 Camino De La Reina, San Diego, CA 92108
32.771281,-117.142558
160.873779
32.771225,-117.142751
111.671232288
32.771253,-117.142655
130.708401643
32.771309,-117.142462
190.994147874
32.771337,-117.142365
210.197620981
32.771394,-117.142171
227.770469
32.771474,-117.142278
209.42979219
32.771484,-117.142245
212.275271147
32.771323,-117.142092
242.279122266
32.771240,-117.142064
255.115844648
----------
ChIJT_QPn_xT2YAROnkQ0BXDl8g
32.723364,-117.085188
1722 Euclid Ave, San Diego, CA 92105, United States
32.723365,-117.085002
269.573541
32.723565,-117.085004
217.839270693
32.723465,-117.085003
237.245640695
32.723265,-117.085000
-58.0051113449
32.723165,-117.084999
-38.7420142335
32.723327,-117.085001
-76.635659
32.723521,-117.085003
224.862648922
32.723424,-117.085002
249.11629728
32.723230,-117.085000
-49.8401470465
32.723133,-117.084998
-34.7097718953
4bfa84d58d30d13acfad0318
32.723400,-117.085260
1722 Euclid Ave, San Diego, CA 92105
32.723402,-117.085002
269.573321
32.723602,-117.085004
227.027990968
32.723502,-117.085003
244.903561103
32.723302,-117.085001
-65.86425559
32.723202,-117.084999
-48.0147343898
32.723327,-117.085001
-71.412991
32.723516,-117.085003
241.915578787
32.723422,-117.085002
264.38757008
32.723233,-117.085000
-52.6631328506
32.723138,-117.084998
-40.1295877317
----------
ChIJ6yuxtdJW2YAR8Bb-tKahAkA
32.741923,-117.047169
6971 Broadway, Lemon Grove, CA 91945, United States
32.742096,-117.047342
139.856189
32.742008,-117.047523
105.815356048
32.742052,-117.047433
120.079719104
32.742157,-117.047265
160.946858944
32.742173,-117.047176
178.70655562
32.742416,-117.047206
176.418762
32.742402,-117.047405
157.397563664
32.742410,-117.047306
166.657623726
32.742420,-117.047106
186.118475661
32.742421,-117.047006
195.44890167
4eb97b0993ad236571df8c23
32.742004,-117.047165
6971 Broadway, Lemon Grove, CA 91945
32.742167,-117.047206
167.917954
32.742082,-117.047372
114.042502322
32.742143,-117.047300
140.809562255
32.742182,-117.047107
195.254562557
32.742192,-117.047008
215.19282046
32.742416,-117.047206
175.246102
32.742402,-117.047406
152.992401264
32.742409,-117.047306
163.656492126
32.742420,-117.047106
186.834232785
32.742421,-117.047006
197.817938906
----------
ChIJu8hWuF5U2YARSfWOLNrL7M0
32.749186,-117.121990
3310 University Ave, San Diego, CA 92104, United States
32.749146,-117.122157
74.205215
32.748957,-117.122091
20.4639059842
32.749051,-117.122124
40.1398707879
32.749241,-117.122189
108.216065305
32.749336,-117.122221
127.581204123
32.749066,-117.121861
-42.163428
32.749110,-117.121681
-73.7472384986
32.749088,-117.121771
-62.0337429152
32.749044,-117.121951
-13.0474921942
32.748915,-117.122075
14.9402726801
4bc371ea4cdfc9b6e95c9721
32.748843,-117.121811
3310 University Ave, San Diego, CA 92104
32.748831,-117.121807
-15.414299
32.748876,-117.121612
259.056162763
32.748853,-117.121709
263.16599221
32.748809,-117.121905
66.6669657849
32.748786,-117.122003
70.7978777565
32.749066,-117.121861
169.332276
32.749018,-117.122054
130.57557041
32.749042,-117.121957
148.209983177
32.749090,-117.121764
189.116120351
32.749113,-117.121668
204.108258349
----------
ChIJlQlVwrRU2YARlHNkKuXLEeo
32.729723,-117.172187
1025 W Laurel St #103, San Diego, CA 92101, United States
32.729959,-117.172297
158.631575
32.729897,-117.172488
124.47490905
32.729928,-117.172393
139.804695253
32.729991,-117.172202
177.418625061
32.730022,-117.172106
192.946981699
32.729962,-117.172289
160.264848
32.729900,-117.172480
125.659079158
32.729931,-117.172384
141.344992694
32.729993,-117.172194
178.875400381
32.730025,-117.172099
194.013803221
4b75d8d1f964a52012292ee3
32.729922,-117.172070
1025 W Laurel St, San Diego, CA 92101
32.729959,-117.171950
249.886755
32.730143,-117.172030
188.79298475
32.730059,-117.171994
205.182418027
32.729867,-117.171909
-67.8382992511
32.729775,-117.171869
-49.0249814186
32.729962,-117.172289
102.316248
32.729924,-117.172405
90.4979342591
32.729943,-117.172347
95.2445584485
32.729981,-117.172231
113.577382519
32.730000,-117.172173
131.969066434
----------
ChIJ813fevBW2YAR3P-OMSNVG94
32.775372,-117.044685
5307 Lake Murray Blvd, La Mesa, CA 91942, United States
32.775504,-117.044938
121.722293
32.775342,-117.045058
84.5332986038
32.775423,-117.044998
100.913297698
32.775585,-117.044878
142.599842228
32.775667,-117.044818
159.104614216
32.775637,-117.044840
153.769253
32.775569,-117.045059
121.995483203
32.775571,-117.044889
139.243235024
32.775715,-117.044782
166.524637273
32.775769,-117.044741
173.180448613
4c8aac026418a143d008e2ce
32.775390,-117.044692
5307 Lake Murray Blvd, La Mesa, CA 91942
32.775514,-117.044931
121.725823
32.775351,-117.045051
82.7856835804
32.775433,-117.044991
99.6222362846
32.775595,-117.044871
143.636281481
32.775676,-117.044811
160.6671727
32.775637,-117.044840
153.219382
32.775568,-117.045059
119.885428759
32.775571,-117.044889
137.410458506
32.775715,-117.044782
166.790277231
32.775770,-117.044741
173.841736012
----------
ChIJ35idjeSq3oARoAdffRN_3VI
32.752590,-117.206042
3146 Sports Arena Blvd, San Diego, CA 92110, United States
32.752503,-117.206157
48.150383
32.752503,-117.206157
48.1503832232
32.752503,-117.206157
48.1503832232
32.752494,-117.206182
50.9929579423
32.752485,-117.206206
53.0980794811
32.752304,-117.206457
50.902280
32.752124,-117.206353
29.506314378
32.752221,-117.206385
38.2380240433
32.752375,-117.206517
61.8989235759
32.752416,-117.206623
70.5554194105
4c44facb74ffc928616476cc
32.752482,-117.206080
3146 Sports Arena Blvd Ste 5B, San Diego, CA 92110
32.752503,-117.206157
108.108121
32.752207,-117.206309
35.2643107943
32.752479,-117.206224
88.6972767463
32.752503,-117.206157
108.108120846
32.752503,-117.206157
108.108120846
32.752304,-117.206457
60.912093
32.752128,-117.206361
33.9507369218
32.752209,-117.206396
44.4179417257
32.752381,-117.206500
74.1887830895
32.752411,-117.206616
81.2166619683
----------
ChIJieN2WDVR2YARMANmX1pc6g4
32.738408,-117.055883
6348 College Grove Way Suite 101 College Grove Shoppi, San Diego, CA 92115, United States
32.738446,-117.056058
104.299003
32.738310,-117.056191
69.4641628742
32.738378,-117.056125
81.7270390813
32.738514,-117.055992
139.140675751
32.738582,-117.055925
168.486981928
32.761277,-117.073616
146.800040
32.761165,-117.073619
146.666395858
32.761221,-117.073617
146.732985858
32.761333,-117.073615
146.865949604
32.761389,-117.073613
146.931865799
4bcca5160687ef3ba4a0dfcc
32.738491,-117.055925
6348 College Grove Way, San Diego, CA 92115
32.738528,-117.055978
129.358612
32.738383,-117.056119
56.8337659662
32.738446,-117.056058
68.1402873617
32.738600,-117.055907
187.924805526
32.738660,-117.055848
201.001968011
32.738637,-117.055870
197.506322
32.738709,-117.056078
149.324443284
32.738616,-117.055892
192.765524962
32.738660,-117.055848
201.001968011
32.738653,-117.055604
239.241850066
----------
ChIJVUdg6_uq3oARs7Jjm-g4EKs
32.750526,-117.213535
3445 Midway Dr, San Diego, CA 92110, United States
32.750697,-117.213795
128.009031
32.750544,-117.213926
93.3005851476
32.750621,-117.213861
109.10268092
32.750773,-117.213729
146.553338016
32.750849,-117.213663
161.598234595
32.750770,-117.212905
245.484861
32.750868,-117.213062
229.570032639
32.750819,-117.212983
237.949516101
32.750721,-117.212826
252.047508185
32.750676,-117.212753
257.32330586
4bacf504f964a520021e3be3
32.750431,-117.213521
3445 Midway Dr Ste E, San Diego, CA 92110
32.750632,-117.213851
125.885413
32.750479,-117.213983
97.1666935733
32.750555,-117.213917
110.517478712
32.750697,-117.213795
139.077390137
32.750785,-117.213719
154.822690465
32.750770,-117.212905
237.038907
32.750873,-117.213071
220.827852464
32.750822,-117.212988
229.189821215
32.750719,-117.212822
244.14961146
32.750673,-117.212748
249.763380881
----------
ChIJt2KuRB1S2YARF73K9aK03e4
32.661182,-117.080146
1860 Sweetwater Rd, National City, CA 91950, United States
32.661087,-117.080160
7.119527
32.661054,-117.079964
-50.3372664116
32.661071,-117.080062
-32.7995735022
32.661097,-117.080260
48.5154809203
32.661108,-117.080362
67.8689236279
32.661470,-117.080068
192.898870
32.661507,-117.080265
162.839037025
32.661488,-117.080167
176.805081793
32.661451,-117.079970
209.038308454
32.661415,-117.079881
223.877298682
4bb56c502f70c9b66f408430
32.661172,-117.080174
1860 Sweetwater Rd, National City, CA 91950
32.661089,-117.080186
7.156323
32.661059,-117.079989
-54.0281479554
32.661076,-117.080087
-37.4015697745
32.661100,-117.080286
52.5327824953
32.661108,-117.080362
67.9762197215
32.661470,-117.080068
196.744472
32.661507,-117.080265
167.106186858
32.661488,-117.080167
181.191602461
32.661451,-117.079970
211.806246804
32.661412,-117.079876
226.351151389
----------
ChIJV2Et86dU2YARZrOOSji19R0
32.715326,-117.160416
950 5th Ave, San Diego, CA 92101, United States
32.715327,-117.160173
269.946949
32.715527,-117.160169
226.180896244
32.715427,-117.160172
243.988992427
32.715227,-117.160173
-64.173711828
32.715127,-117.160173
-45.8474587384
32.715330,-117.160173
268.941370
32.715530,-117.160169
225.782117065
32.715430,-117.160172
243.352137048
32.715230,-117.160173
-64.856784089
32.715130,-117.160173
-46.282268765
4a54270cf964a52013b31fe3
32.715480,-117.159979
950 5th Ave, San Diego, CA 92101
32.715484,-117.160170
91.502638
32.715284,-117.160173
40.0509922473
32.715378,-117.160173
58.3743437465
32.715584,-117.160167
123.230335784
32.715684,-117.160166
142.314583831
32.715330,-117.160173
47.717838
32.715182,-117.160173
28.88827901
32.715256,-117.160173
36.3125408901
32.715403,-117.160173
64.7991537215
32.715475,-117.160171
88.3546548332
----------
ChIJWTSBtLpR2YARx-GTKhqzdv8
32.688400,-117.045552
6915 Paradise Valley Rd, San Diego, CA 92139, United States
32.688208,-117.045439
-26.422769
32.688285,-117.045253
-65.5863117947
32.688247,-117.045346
-48.6271874315
32.688169,-117.045532
-4.1664869537
32.688125,-117.045588
6.2742621002
32.689129,-117.045707
169.835941
32.689073,-117.045895
156.699986645
32.689101,-117.045801
163.30979497
32.689158,-117.045614
176.07424905
32.689188,-117.045521
181.910585748
4b959c8bf964a5201aac34e3
32.688511,-117.045644
6915 Paradise Valley Rd, San Diego, CA 92139
32.688199,-117.045461
-26.419063
32.688276,-117.045275
-53.0152053505
32.688237,-117.045368
-40.462048547
32.688160,-117.045554
-12.2260228972
32.688121,-117.045586
-7.09080758085
32.689129,-117.045707
175.100023
32.689074,-117.045890
159.738100059
32.689102,-117.045799
167.542990071
32.689157,-117.045616
182.085987566
32.689187,-117.045527
188.383013132
----------
ChIJq5gmVcFV2YARrifP98EnMMQ
32.787351,-117.097091
Mission Gorge Rd, San Diego, CA 92120, United States
32.787355,-117.097239
92.118324
32.787155,-117.097247
34.0472963624
32.787255,-117.097243
53.3136986531
32.787455,-117.097234
130.674500284
32.787555,-117.097230
150.117964112
32.804794,-117.083083
214.196937
32.804886,-117.083235
213.768000555
32.804902,-117.083200
213.809971832
32.804810,-117.083048
214.238876406
32.804827,-117.083013
214.280696323
4bc235d8f8219c74d280b410
32.786914,-117.097654
6171 Mission Gorge Rd #109, San Diego, CA 92120
32.786915,-117.097738
90.537394
32.786715,-117.097740
20.1072287179
32.786815,-117.097739
36.0041530749
32.787015,-117.097737
145.286276135
32.787115,-117.097736
161.060404942
32.786834,-117.097739
41.822345
32.786702,-117.097740
18.9629924556
32.786768,-117.097739
26.3152365564
32.786900,-117.097738
79.0595486427
32.786966,-117.097737
126.610117995
----------
ChIJcVxIYtlW2YARvm3gf_r919M
32.757390,-117.038433
7404 University Ave, La Mesa, CA 91942, United States
32.757406,-117.038580
97.234366
32.757208,-117.038610
39.4166768203
32.757307,-117.038595
58.7592562738
32.757505,-117.038565
135.91514097
32.757604,-117.038550
155.252270241
32.757104,-117.038225
-31.508803
32.757214,-117.038060
-60.818410388
32.757159,-117.038142
-46.7478588613
32.757049,-117.038308
-17.2151518201
32.756994,-117.038390
-5.1743940007
4bd4987b637ba593ad06f570
32.757403,-117.038219
7404 University Ave, La Mesa, CA 91942
32.757221,-117.038048
-38.406404
32.757333,-117.037880
-76.2658885999
32.757277,-117.037964
-59.7112828093
32.757165,-117.038133
-17.0783185162
32.757109,-117.038217
-0.358707544208
32.757104,-117.038225
1.023804
32.757093,-117.038018
-28.692314737
32.757053,-117.038079
-18.6864447036
32.757064,-117.038286
9.42676648468
32.757024,-117.038346
15.8259556531
----------
ChIJq4jyRiNX2YARb2nEJuo2wt8
32.764365,-117.021237
8142 La Mesa Blvd, La Mesa, CA 91942, United States
32.764249,-117.021170
-26.011819
32.764311,-117.020993
-75.3480724889
32.764288,-117.021077
-60.1635441852
32.764211,-117.021263
8.26358925854
32.764173,-117.021357
27.7820915999
32.764082,-117.021109
-20.858160
32.764162,-117.020928
-52.1761719681
32.764122,-117.021018
-37.2374151109
32.764042,-117.021200
-5.5629630188
32.764002,-117.021290
7.0966308021
4a7a1adbf964a5208de81fe3
32.764244,-117.021206
8142 La Mesa Blvd, La Mesa, CA 91942
32.764237,-117.021202
-25.834824
32.764308,-117.021019
247.981474437
32.764275,-117.021108
249.633717298
32.764198,-117.021295
58.7500727572
32.764160,-117.021388
61.4363328983
32.764082,-117.021109
-26.752181
32.764163,-117.020925
-71.237161542
32.764123,-117.021017
-52.7681252407
32.764041,-117.021201
-1.15976296015
32.764001,-117.021293
16.8537645214
----------
ChIJMb85pWJV2YARCqUMu7Pass8
32.802859,-117.139137
3298 Greyling Dr, San Diego, CA 92123, United States
32.802957,-117.138993
231.251325
32.803099,-117.139137
180.115684837
32.803029,-117.139063
200.177189798
32.802884,-117.138923
262.14488913
32.802807,-117.138848
-77.7812732093
32.802729,-117.138964
-48.367062
32.802889,-117.138817
263.75079567
32.802785,-117.138880
-71.1220756449
32.802673,-117.139048
-21.9529614704
32.802616,-117.139132
-0.960843390225
4b5e1116f964a520c47b29e3
32.802884,-117.139248
3298 Greyling Dr, San Diego, CA 92123
32.802920,-117.139395
106.363585
32.802731,-117.139461
49.6725041923
32.802825,-117.139428
69.0267426646
32.803015,-117.139368
142.549166812
32.803060,-117.139412
141.920438595
32.802729,-117.138964
-57.115360
32.802910,-117.138838
265.818227046
32.802784,-117.138882
-71.9638113153
32.802674,-117.139046
-39.0283729345
32.802619,-117.139128
-20.9168662131
----------
ChIJ--jkBDpS2YARGVQ2p4cz83I
32.677378,-117.096267
925 E Plaza Blvd, National City, CA 91950, United States
32.677164,-117.096177
-19.539492
32.677219,-117.095984
-56.3629299895
32.677191,-117.096080
-40.1707488427
32.677147,-117.096183
-17.1196083317
32.677141,-117.096181
-17.0769245503
32.676971,-117.096053
-23.903013
32.677029,-117.095861
-44.5177007019
32.677000,-117.095957
-34.7248131789
32.676942,-117.096149
-12.8097985306
32.676913,-117.096246
-2.16850209763
4c167b235e88c928ea332466
32.676991,-117.096584
925 E Plaza Blvd Ste A, National City, CA 91950
32.677007,-117.096675
101.846635
32.676778,-117.096703
25.3164183778
32.676971,-117.096725
80.4913916293
32.677095,-117.096687
139.96564657
32.677176,-117.096722
147.786410312
32.676971,-117.096053
-87.422094
32.677199,-117.096055
245.15587227
32.676984,-117.096012
-89.0840905565
32.676959,-117.096095
-85.4996232191
32.676617,-117.096188
-41.7758840879
----------
ChIJOZwLOhkA3IAR0Wv59HDGSFE
32.796207,-117.192605
3089 Clairemont Dr, San Diego, CA 92117, United States
32.796110,-117.192793
58.670667
32.795947,-117.192674
12.7026780811
32.796028,-117.192733
31.3850843698
32.796191,-117.192853
85.8637551693
32.796259,-117.192914
101.277790999
32.796386,-117.193226
108.945303
32.796193,-117.193268
88.6732042941
32.796299,-117.193245
99.7650435289
32.796482,-117.193205
118.634361444
32.796579,-117.193186
127.246590638
4b4e4b14f964a5205be826e3
32.796185,-117.192725
3089 Clairemont Dr, San Diego, CA 92117
32.796139,-117.192814
58.668639
32.795976,-117.192695
-6.83097906674
32.796058,-117.192755
11.1617182862
32.796220,-117.192874
105.89796502
32.796267,-117.192936
114.986870608
32.796386,-117.193226
115.508383
32.796198,-117.193267
91.7305942908
32.796299,-117.193245
104.658130595
32.796480,-117.193205
126.105154761
32.796573,-117.193187
134.939657151
----------
ChIJUwmhERVU2YARNZ2DI6xZkQ0
32.748139,-117.100756
3807 Fairmount Ave #400, San Diego, CA 92105, United States
32.748143,-117.100926
91.686413
32.747943,-117.100928
36.6765779388
32.748043,-117.100927
56.5035259918
32.748243,-117.100926
125.988334273
32.748343,-117.100925
144.998545087
32.748117,-117.100927
81.261705
32.747920,-117.100929
33.6587434838
32.748018,-117.100928
50.2827012173
32.748216,-117.100926
118.166096883
32.748315,-117.100925
140.86665993
4c15960f583c9c7479cd3fa4
32.748257,-117.100481
3807 Fairmount Ave, San Diego, CA 92105
32.748259,-117.100926
90.298415
32.748059,-117.100927
62.3503503638
32.748143,-117.100926
73.2145757958
32.748359,-117.100925
105.256200844
32.748459,-117.100925
118.372608804
32.748117,-117.100927
69.619982
32.747895,-117.100858
41.4357029405
32.748024,-117.100927
58.3147951154
32.748211,-117.100926
83.0189354502
32.748304,-117.100926
97.2164470194
----------
ChIJCbui2xFX2YARAcXR0FHZ_QY
32.779348,-117.016965
8396 Parkway Dr, La Mesa, CA 91942, United States
32.779144,-117.016704
-47.281794
32.779286,-117.016548
-80.0522031454
32.779212,-117.016629
-64.38644933
32.779076,-117.016779
-30.0096226414
32.779008,-117.016854
-15.4090125638
32.779102,-117.016751
-36.245108
32.779233,-117.016606
-69.2136966121
32.779167,-117.016678
-53.2605685216
32.779036,-117.016823
-21.0264531492
32.778971,-117.016896
-8.83566361238
4b01faaaf964a520f04622e3
32.779284,-117.016999
8396 Parkway Dr, La Mesa, CA 91942
32.779096,-117.016758
-47.287611
32.779232,-117.016608
-80.9833282232
32.779164,-117.016683
-65.7346317848
32.779028,-117.016833
-28.7431514781
32.778960,-117.016908
-13.4010331871
32.779102,-117.016751
-48.935500
32.779238,-117.016601
-82.2080136926
32.779170,-117.016676
-67.3169387978
32.779034,-117.016826
-30.2950159086
32.778966,-117.016901
-14.5699957369
----------
ChIJJ6izngmr3oARfNg_kDLl5HY
32.728562,-117.217843
2560 Laning Rd #101, San Diego, CA 92106, United States
32.728535,-117.218005
78.869300
32.728340,-117.217959
23.8836227459
32.728438,-117.217982
43.4198001776
32.728633,-117.218028
114.397594639
32.728730,-117.218051
133.816105494
32.728623,-117.218026
111.768397
32.728456,-117.217986
49.0152009374
32.728540,-117.218006
80.9183142888
32.728706,-117.218046
130.270042514
32.728790,-117.218065
140.600806461
4be8486bee96c9288ce5fdbf
32.728493,-117.217829
2560 Laning Rd, San Diego, CA 92106
32.728466,-117.217989
78.874758
32.728301,-117.217949
28.0360790316
32.728369,-117.217965
42.9209267879
32.728564,-117.218012
114.69820356
32.728661,-117.218035
134.134363742
32.728623,-117.218026
128.203826
32.728492,-117.217995
89.6266308466
32.728557,-117.218010
112.934673015
32.728689,-117.218041
137.611981068
32.728754,-117.218057
143.731804804
----------
ChIJnev-JMys3oARfzUGJofZYk4
32.682448,-117.179312
1330 Orange Ave #170, Coronado, CA 92118, United States
32.682590,-117.179444
141.823558
32.682488,-117.179618
98.7838131051
32.682537,-117.179529
115.857455685
32.682648,-117.179361
168.484677884
32.682712,-117.179285
185.032665945
32.688373,-117.178525
186.504616
32.688324,-117.178555
186.315411158
32.688348,-117.178540
186.409775708
32.688322,-117.178327
188.167228364
32.688345,-117.178314
188.24273006
4bdde64d587b2d7f78885509
32.682555,-117.179278
1330 Orange Ave, Coronado, CA 92118
32.682637,-117.179373
135.497067
32.682530,-117.179541
83.6425401573
32.682581,-117.179457
99.7845506249
32.682702,-117.179295
174.558606645
32.682776,-117.179228
190.82960982
32.688373,-117.178525
186.341798
32.688323,-117.178555
186.145592969
32.688348,-117.178540
186.243828931
32.688322,-117.178327
188.035321849
32.688346,-117.178314
188.114165182
----------
ChIJNSY55AlV2YARP1iTjnQH6dU
32.779669,-117.128320
2169 Fenton Pkwy #101, San Diego, CA 92108, United States
32.779648,-117.128165
-80.758919
32.779882,-117.128149
214.233044196
32.779737,-117.128114
248.735730093
32.779549,-117.128178
-45.0007840321
32.779453,-117.128190
-27.0123965452
32.779535,-117.128641
63.787181
32.779385,-117.128546
33.9401682897
32.779396,-117.128609
41.8657593047
32.779547,-117.128705
69.4558615652
32.779558,-117.128769
73.7924503448
4bc62318db8fa59327d49b37
32.779820,-117.128310
2169 Fenton Pkwy, San Diego, CA 92108
32.779892,-117.128291
192.696685
32.779929,-117.128488
126.122599766
32.779911,-117.128389
143.64627709
32.779878,-117.128194
239.513944659
32.779889,-117.128039
253.256011269
32.779535,-117.128641
44.540614
32.779378,-117.128502
20.2603107071
32.779520,-117.128556
34.7117030306
32.779550,-117.128726
52.5952164682
32.779566,-117.128812
59.1098391818
----------
ChIJ7T6_UuFU2YARN18yh1f1upE
32.754803,-117.144669
1915 El Cajon Blvd, San Diego, CA 92104, United States
32.754654,-117.144670
0.240304
32.754653,-117.144470
-48.2068150866
32.754653,-117.144570
-29.1353792508
32.754654,-117.144770
29.8652583651
32.754654,-117.144870
48.8570591106
32.755194,-117.144668
180.214548
32.755194,-117.144868
156.786225978
32.755194,-117.144768
167.992849935
32.755194,-117.144568
192.397400523
32.755194,-117.144468
203.563048001
4b5f8b07f964a52088c029e3
32.754861,-117.144620
1915 El Cajon Blvd, San Diego, CA 92104
32.754990,-117.144621
179.628581
32.754989,-117.144821
127.03792095
32.754990,-117.144721
146.487577454
32.754991,-117.144521
212.859604816
32.754992,-117.144421
232.24301736
32.755194,-117.144668
173.143939
32.755194,-117.144867
148.010778922
32.755194,-117.144767
159.56663778
32.755194,-117.144569
187.499452298
32.755194,-117.144469
200.998464003
----------
ChIJLayIs-RR2YARew3FPOleZY8
32.654079,-117.065010
3030 Plaza Bonita Rd #2182, National City, CA 91950, United States
32.654088,-117.064687
268.106020
32.654270,-117.064679
235.680963183
32.654188,-117.064684
248.541179133
32.653988,-117.064683
-71.7694647067
32.653891,-117.064666
-57.0247346102
32.659027,-117.068005
152.918147
32.658988,-117.068203
151.212358755
32.659009,-117.068101
152.09271718
32.659041,-117.067911
153.718798773
32.659051,-117.067817
154.513093492
4b9d77f7f964a520dbae36e3
32.654335,-117.065463
3030 Plaza Bonita Rd #2182, National City, CA 91950
32.654488,-117.066061
106.925418
32.654339,-117.066176
90.3772375336
32.654405,-117.066108
97.3688510416
32.654582,-117.066027
117.444499753
32.654668,-117.065978
127.460757307
32.659027,-117.068005
155.410151
32.658988,-117.068204
153.546332133
32.659009,-117.068102
154.50337205
32.659041,-117.067910
156.295015775
32.659052,-117.067814
157.173131
----------
ChIJd-senqBU2YARRrLnjSrQKA4
32.716591,-117.154231
1080 Park Blvd, San Diego, CA 92101, United States
32.716808,-117.154215
183.738985
32.716819,-117.154415
145.809584677
32.716813,-117.154302
164.955130306
32.716803,-117.154115
204.918762645
32.716797,-117.154015
221.55572031
32.716442,-117.153842
-65.516110
32.716626,-117.153774
264.965480103
32.716532,-117.153787
-80.9666939039
32.716357,-117.153839
-54.7128492198
32.716249,-117.153809
-46.1560277504
4b5b05d9f964a52064df28e3
32.716648,-117.154235
1080 Park Blvd, San Diego, CA 92101
32.716808,-117.154223
183.729985
32.716819,-117.154423
137.307773099
32.716813,-117.154302
161.131822591
32.716803,-117.154123
211.446219711
32.716798,-117.154023
230.165975473
32.716442,-117.153842
-58.090133
32.716616,-117.153775
-85.1937758808
32.716527,-117.153788
-72.1449630202
32.716365,-117.153841
-49.5695038936
32.716259,-117.153807
-42.8173298342
----------
ChIJ75NwN6RW2YARZT7RIMHChtI
32.749047,-117.071984
5807 University Ave, San Diego, CA 92115, United States
32.749199,-117.072154
136.512223
32.749073,-117.072312
95.4134258524
32.749136,-117.072233
112.957424835
32.749262,-117.072075
160.389603598
32.749325,-117.071996
178.00059476
32.749279,-117.072053
165.948434
32.749175,-117.072184
127.057564001
32.749227,-117.072119
147.696769009
32.749331,-117.071988
179.442890208
32.749384,-117.071922
188.902935528
4ce1842ec4f6a35dc1c7db6c
32.749022,-117.071912
5807 University Ave Ste 2, San Diego, CA 92115
32.749217,-117.072131
136.509854
32.749091,-117.072289
102.298382214
32.749154,-117.072210
117.71309734
32.749280,-117.072052
155.404747502
32.749343,-117.071973
170.94526191
32.749279,-117.072053
155.190573
32.749163,-117.072199
120.281647928
32.749221,-117.072126
137.804468971
32.749337,-117.071980
169.659033221
32.749395,-117.071907
180.623169968
----------
ChIJF0eCQVJU2YARI3ifEVw6VPs
32.763530,-117.116382
3540 Adams Ave, San Diego, CA 92116, United States
32.763529,-117.116231
-89.444379
32.763729,-117.116229
213.139482358
32.763629,-117.116230
232.508448104
32.763429,-117.116232
-51.4593506583
32.763333,-117.116233
-32.5478548867
32.763334,-117.116387
1.349093
32.763333,-117.116187
-39.7725801258
32.763333,-117.116287
-22.1359420194
32.763335,-117.116472
21.3005455628
32.763337,-117.116587
41.9408929088
4b26b3f1f964a520c37f24e3
32.763474,-117.116373
3540 Adams Ave, San Diego, CA 92116
32.763473,-117.116231
-89.458848
32.763673,-117.116229
211.469051718
32.763573,-117.116230
230.693193878
32.763373,-117.116232
-49.6060936151
32.763273,-117.116232
-30.5390064308
32.763334,-117.116387
4.971674
32.763333,-117.116188
-47.850399691
32.763333,-117.116287
-27.1691419714
32.763335,-117.116472
31.0355959154
32.763337,-117.116586
52.8275402639
----------
ChIJ9fhitT5V2YAROH66LoNCu44
32.774905,-117.155786
5608 Mission Center Rd #903, San Diego, CA 92108, United States
32.774985,-117.155700
222.193863
32.775107,-117.155861
162.582230753
32.775046,-117.155781
181.903161884
32.774924,-117.155619
262.440604097
32.774863,-117.155539
-78.5225766753
32.774846,-117.153915
-87.792418
32.775045,-117.153920
265.002623681
32.774946,-117.153914
268.605769156
32.774749,-117.153919
-84.275163572
32.774646,-117.153922
-80.5752058993
4b1594e4f964a52043af23e3
32.774860,-117.155821
5608 Mission Center Rd, San Diego, CA 92108
32.774980,-117.155693
222.202442
32.775102,-117.155855
173.391635729
32.775041,-117.155774
192.496147274
32.774919,-117.155613
251.624259112
32.774858,-117.155532
-89.3763642946
32.774846,-117.153915
-89.432122
32.775046,-117.153920
263.492905518
32.774946,-117.153914
267.027735694
32.774749,-117.153916
-85.9777328321
32.774647,-117.153922
-82.3388878921
----------
ChIJXygbNOL_24ARXIyGiLDqQRM
32.801625,-117.157095
7625 Linda Vista Rd #103, San Diego, CA 92111, United States
32.801781,-117.157486
115.357639
32.801606,-117.157585
87.4006851507
32.801693,-117.157535
100.488277402
32.801869,-117.157437
130.281801549
32.801948,-117.157392
142.334446683
32.801766,-117.157494
112.756049
32.801590,-117.157594
85.3870402513
32.801678,-117.157544
98.0879160782
32.801854,-117.157445
127.866459783
32.801948,-117.157392
142.334446683
4bc7ea3192b376b05fb4503a
32.801633,-117.157179
7625 Linda Vista Rd, San Diego, CA 92111
32.801760,-117.157498
115.355518
32.801585,-117.157597
82.2749125104
32.801672,-117.157547
97.2680914582
32.801848,-117.157448
133.43498728
32.801948,-117.157392
150.444684457
32.801766,-117.157494
116.601051
32.801591,-117.157593
83.2372495556
32.801679,-117.157544
98.5065915228
32.801854,-117.157445
134.587701052
32.801948,-117.157392
150.444684457
----------
ChIJNys_DwxT2YAR1GymyOSqdWk
32.696332,-117.132990
2850 National Ave #103, San Diego, CA 92113, United States
32.696469,-117.132991
179.754273
32.696468,-117.133191
128.82075034
32.696469,-117.133091
148.096101129
32.696470,-117.132891
211.368063523
32.696470,-117.132791
230.675004116
32.696470,-117.132912
205.623642
32.696469,-117.133092
147.918066302
32.696469,-117.133002
175.87730847
32.696470,-117.132822
225.884147853
32.696470,-117.132732
237.660142236
4b284cf0f964a520389224e3
32.696238,-117.132964
2850 National Ave, San Diego, CA 92113
32.696469,-117.132965
179.757781
32.696469,-117.133165
143.668874812
32.696469,-117.133065
159.782272731
32.696470,-117.132865
199.928119475
32.696470,-117.132765
215.989511305
32.696470,-117.132912
190.781085
32.696469,-117.133108
152.20827915
32.696469,-117.133010
170.501752899
32.696470,-117.132814
208.742866556
32.696470,-117.132716
222.154539541
----------
ChIJufe7Kh9X2YARyT2pmXxx_pk
32.769746,-117.026856
7900 El Cajon Blvd, La Mesa, CA 91942, United States
32.769768,-117.027234
93.939645
32.769582,-117.027194
60.1301501506
32.769672,-117.027226
76.6721094177
32.769864,-117.027245
109.715452849
32.769956,-117.027274
120.77645567
32.769410,-117.026490
-42.651285
32.769547,-117.026336
-65.6167299537
32.769436,-117.026400
-51.2179139207
32.769385,-117.026581
-32.7428931774
32.769233,-117.026622
-21.1170604475
4d228f2eb69c6dcbdc9d8395
32.769755,-117.026557
7900 El Cajon Blvd, La Mesa, CA 91942
32.769773,-117.026404
261.853765
32.769993,-117.026439
202.681255169
32.769870,-117.026426
223.885887688
32.769677,-117.026377
-62.8410589389
32.769581,-117.026347
-45.6365432131
32.769410,-117.026490
-9.316681
32.769440,-117.026304
-34.2128098
32.769438,-117.026396
-23.18969072
32.769383,-117.026584
3.592048517
32.769356,-117.026679
14.486554374
----------
ChIJ97NuAqVT2YARc-ytEnbE92c
32.688084,-117.121099
Building A, 3705 Norman Scott Rd, San Diego, CA 92136, United States
32.688049,-117.121130
36.699197
32.687942,-117.120958
-39.9939039901
32.687996,-117.121044
-27.7385197772
32.688103,-117.121216
100.869276206
32.688157,-117.121302
113.200233252
32.686877,-117.121078
-0.773384
32.686796,-117.120959
-5.17318886737
32.686836,-117.121019
-3.04959253607
32.686917,-117.121138
1.66828964914
32.686958,-117.121197
4.27553800326
4bc36d5c920eb713d8701d2c
32.687964,-117.121015
S 32nd St., San Diego, CA 92136
32.687973,-117.121007
216.608401
32.688080,-117.121178
130.012855311
32.688026,-117.121093
133.504253747
32.687919,-117.120921
-60.5346267035
32.687866,-117.120836
-57.0586121218
32.686200,-117.125470
64.979338
32.686017,-117.125346
62.070111597
32.686111,-117.125474
63.8927736708
32.686292,-117.125473
66.1442441502
32.686383,-117.125476
67.3302294646
----------
ChIJnev-JMys3oARmf9sZxSEQ2Q
32.697765,-117.186818
Bldg #244, North Island NAS, San Diego, CA 92152, United States
32.696921,-117.187327
27.121615
32.696921,-117.187327
27.1216153119
32.696921,-117.187327
27.1216153119
32.696953,-117.187424
32.3673972134
32.696993,-117.187515
37.4455260364
32.698957,-117.195156
99.699240
32.698809,-117.195165
98.5209702743
32.698858,-117.195162
98.9090043206
32.698957,-117.195156
99.6992396119
32.698957,-117.195156
99.6992396119
4bb3a6094019a593533e38b8
32.697791,-117.186720
S M Ave, Coronado, CA 92118
32.696921,-117.187327
30.642469
32.696921,-117.187327
30.6424694946
32.696921,-117.187327
30.6424694946
32.696953,-117.187424
35.5127587347
32.696993,-117.187515
40.1968340257
32.696921,-117.187327
30.642469
32.696921,-117.187327
30.6424694946
32.696921,-117.187327
30.6424694946
32.696953,-117.187424
35.5127587347
32.696993,-117.187515
40.1968340257
----------
ChIJ72JRnipO2YARkCH3l1CkcIk
32.659874,-117.032830
4378 Bonita Rd, Bonita, CA 91902, United States
32.660057,-117.032948
151.402909
32.659989,-117.033118
115.387095477
32.660019,-117.033042
129.124541874
32.660094,-117.032854
174.755294295
32.660150,-117.032780
188.759813491
32.660589,-117.033123
160.898911
32.660559,-117.033320
148.858149215
32.660574,-117.033221
154.706298813
32.660612,-117.033025
167.440281776
32.660639,-117.032928
173.83770526
4b676b10f964a520c04d2be3
32.660058,-117.032914
4378 Bonita Rd, Bonita, CA 91902
32.660068,-117.032919
154.801163
32.659989,-117.033118
68.3095335694
32.660031,-117.033013
72.0180687136
32.660105,-117.032825
238.064579039
32.660142,-117.032732
241.510437365
32.660589,-117.033123
161.603103
32.660559,-117.033320
145.589539834
32.660574,-117.033221
153.254751433
32.660612,-117.033025
170.428962046
32.660639,-117.032928
178.857791843
----------
ChIJp7elNd1U2YARjpvK58uh_Sw
32.748737,-117.152018
1252 University Ave, San Diego, CA 92103, United States
32.748738,-117.152201
90.304703
32.748555,-117.152202
40.5760701768
32.748638,-117.152201
57.4986881197
32.748838,-117.152200
123.317224932
32.748922,-117.152183
143.134509908
32.748559,-117.151965
-14.010912
32.748561,-117.151770
-49.9312473383
32.748560,-117.151867
-35.6165945846
32.748557,-117.152062
11.8695890384
32.748556,-117.152160
33.5779945741
4b7efeebf964a520170f30e3
32.748750,-117.152058
1252 University Ave, San Diego, CA 92103
32.748750,-117.152201
90.272213
32.748555,-117.152202
32.0210706686
32.748650,-117.152201
50.5329869889
32.748850,-117.152200
129.808974596
32.748924,-117.152181
149.118450333
32.748559,-117.151965
-22.241298
32.748561,-117.151778
-51.2910435504
32.748560,-117.151872
-39.548292005
32.748557,-117.152058
0.157596568769
32.748556,-117.152152
22.2536803034
----------
ChIJMTDxCuqq3oARjbn4O2zGDfY
32.764727,-117.197189
5175 Linda Vista Rd #103, San Diego, CA 92110, United States
32.764820,-117.197341
126.034974
32.764666,-117.197472
75.7276390036
32.764743,-117.197407
95.1663395953
32.764896,-117.197275
156.938737987
32.764973,-117.197209
176.25082359
32.764404,-117.197126
-9.295101
32.764418,-117.196927
-35.5476896514
32.764411,-117.197026
-23.3772486319
32.764397,-117.197226
5.46339814298
32.764397,-117.197322
18.9169872033
4b69e10bf964a520c8b92be3
32.764652,-117.197018
5175 Linda Vista Rd, San Diego, CA 92110
32.764415,-117.196980
-7.518532
32.764428,-117.196781
-41.7483757735
32.764421,-117.196880
-26.6656031229
32.764407,-117.197080
12.1094534575
32.764400,-117.197179
28.5645630352
32.764404,-117.197126
20.255865
32.764417,-117.196946
-14.3874161221
32.764410,-117.197036
3.72553141738
32.764398,-117.197216
33.4531266994
32.764397,-117.197318
44.9155103306
----------
ChIJAUtWGydS2YARNjCp2xozKFQ
32.677254,-117.082491
2220 E Plaza Blvd A-1, National City, CA 91950, United States
32.677345,-117.082529
160.782567
32.677316,-117.082626
118.666702204
32.677316,-117.082626
118.666702204
32.677373,-117.082433
202.568581205
32.677401,-117.082336
221.65607421
32.678190,-117.082693
169.689000
32.678097,-117.082839
160.824876681
32.678144,-117.082766
165.397777298
32.678237,-117.082621
173.685122736
32.678255,-117.082453
181.908543799
4c20cadb4d4a20a183429b70
32.677422,-117.082468
2220 E Plaza Blvd Unit A-1, National City, CA 91950
32.677369,-117.082446
-19.285899
32.677426,-117.082253
268.877136488
32.677397,-117.082350
-76.1419930302
32.677341,-117.082542
37.8514620154
32.677316,-117.082626
51.7620252166
32.678190,-117.082693
166.115780
32.678094,-117.082844
154.723875991
32.678142,-117.082769
160.601671073
32.678238,-117.082618
171.217779245
32.678263,-117.082460
180.476552428
----------
ChIJsbN2IhlO2YARNON79ecZPpI
32.648290,-117.059376
3001 Bonita Rd #200, Chula Vista, CA 91910, United States
32.648408,-117.059223
227.666210
32.648500,-117.059381
178.94779893
32.648464,-117.059305
198.983260242
32.648337,-117.059148
256.276323123
32.648258,-117.059103
-82.0555990226
32.648503,-117.059391
176.557677
32.648545,-117.059581
145.800973585
32.648528,-117.059478
160.176880889
32.648473,-117.059321
194.248432603
32.648435,-117.059258
214.595693519
4c072768cf8c76b0d8b33b65
32.648504,-117.059419
3001 Bonita Rd Ste 200, Chula Vista, CA 91910
32.648511,-117.059416
199.394718
32.648549,-117.059609
105.566614544
32.648537,-117.059511
112.958824957
32.648475,-117.059324
-69.9625240682
32.648428,-117.059245
-62.6655489124
32.648503,-117.059391
-88.012784
32.648830,-117.059330
193.01180285
32.648513,-117.059425
152.00449783
32.648479,-117.059331
-71.3271450437
32.648447,-117.059278
-64.5769051133
----------
ChIJ-3z7PwlS2YARJUz6KRLzhpw
32.650193,-117.095614
45 Broadway, Chula Vista, CA 92101, United States
32.650408,-117.095626
177.262076
32.650400,-117.095826
139.171853538
32.650404,-117.095726
155.88882757
32.650410,-117.095526
198.947604909
32.650407,-117.095427
216.620886812
32.650226,-117.095879
98.428357
32.650226,-117.095879
98.4283566271
32.650226,-117.095879
98.4283566271
32.650323,-117.095891
119.030926956
32.650399,-117.095848
136.18231114
4b4aa90ef964a520708c26e3
32.650364,-117.095419
45 N Broadway, Chula Vista, CA 91910
32.650406,-117.095417
182.462184
32.650409,-117.095617
105.029023136
32.650410,-117.095517
118.940353716
32.650390,-117.095321
252.320825069
32.650373,-117.095216
267.18466438
32.650226,-117.095879
70.522709
32.650226,-117.095879
70.5227093464
32.650226,-117.095879
70.5227093464
32.650322,-117.095891
84.0706249737
32.650421,-117.095905
97.921858828
----------
ChIJiZhGgtpU2YARyVmiIF61zYs
32.750476,-117.168136
440 W Washington St, San Diego, CA 92103, United States
32.750473,-117.168686
89.671822
32.750273,-117.168684
66.423993424
32.750373,-117.168685
77.5735281174
32.750516,-117.168686
95.0572002416
32.750516,-117.168686
95.0572002416
32.749930,-117.168134
-0.059683
32.749932,-117.167934
-17.3271958354
32.749931,-117.168034
-8.89140796792
32.749929,-117.168234
8.69540669291
32.749928,-117.168334
17.0727776229
4ebc15d89911cfd604f31064
32.750325,-117.168164
440 W Washington St, San Diego, CA 92103
32.749929,-117.168158
-0.692081
32.749932,-117.167958
-23.7784988294
32.749930,-117.168058
-12.698572589
32.749929,-117.168258
11.4223925728
32.749928,-117.168358
22.5289567935
32.749930,-117.168134
-3.540996
32.749932,-117.167934
-26.1985121379
32.749931,-117.168034
-15.4660632861
32.749929,-117.168234
8.55660437703
32.749928,-117.168334
19.9563857007
----------
ChIJQZv_S55W2YARPsq9noiH7I0
32.757824,-117.078180
5437 El Cajon Blvd, San Diego, CA 92115, United States
32.757957,-117.078210
169.078812
32.757925,-117.078408
117.66937725
32.757941,-117.078309
137.040237288
32.757973,-117.078111
201.423485988
32.757989,-117.078012
220.766654552
32.757952,-117.078240
158.305922
32.757920,-117.078435
114.068275848
32.757936,-117.078338
130.089775278
32.757968,-117.078142
192.573621617
32.757984,-117.078045
215.714164727
4d7ecf504219a1cd6edf69d3
32.757784,-117.078268
5437 El Cajon Blvd, San Diego, CA 92115
32.757942,-117.078304
169.081405
32.757907,-117.078517
120.373266684
32.757925,-117.078403
141.230347038
32.757958,-117.078205
197.099402469
32.757973,-117.078106
215.868035944
32.757952,-117.078240
187.983068
32.757977,-117.078520
132.324194567
32.757937,-117.078332
160.452003515
32.757967,-117.078148
209.139821181
32.757982,-117.078055
222.328118664
----------
ChIJd-senqBU2YARB-oFMkFZTGA
32.716923,-117.159090
1111 6th Ave #100, San Diego, CA 92101, United States
32.716814,-117.159090
-0.002887
32.716814,-117.158890
-57.1524377579
32.716814,-117.158990
-37.735404085
32.716814,-117.159190
37.8564652702
32.716814,-117.159245
50.3149951243
32.717047,-117.159253
132.041304
32.716900,-117.159246
80.0495060073
32.716975,-117.159248
111.319978876
32.717110,-117.159263
141.99724228
32.717181,-117.159276
148.655186446
4e84ccad6c25894dd805bacf
32.716930,-117.159040
1111 6th Ave, San Diego, CA 92101
32.716814,-117.159040
0.002377
32.716814,-117.158840
-55.5295017647
32.716814,-117.158940
-36.0443348403
32.716814,-117.159140
36.1456845148
32.716814,-117.159245
56.2694536348
32.717047,-117.159253
123.068295
32.716881,-117.159246
74.2257640354
32.716965,-117.159247
101.380598361
32.717121,-117.159265
135.109307004
32.717202,-117.159279
143.45945646
----------
ChIJ40TvGjxT2YARRItWFH2zKrQ
32.676470,-117.159048
330 Guadalcanal Rd, Coronado, CA 92118, United States
32.676198,-117.159371
45.153231
32.676068,-117.159216
19.551835691
32.676133,-117.159293
31.7211624197
32.676263,-117.159448
58.6621188818
32.676328,-117.159526
70.7372626944
32.675615,-117.160777
59.783594
32.675573,-117.160828
59.3025772758
32.675594,-117.160803
59.5368097313
32.675680,-117.160853
62.7284100528
32.675745,-117.160929
65.5941535333
4bb0f2caf964a520066d3ce3
32.676496,-117.159137
Attu Rd., Coronado, CA 92118
32.676248,-117.159431
45.145245
32.676118,-117.159276
17.3353986813
32.676183,-117.159353
30.3950223255
32.676313,-117.159508
59.8819478484
32.676378,-117.159586
72.8647202594
32.676102,-117.161346
78.177884
32.675985,-117.161209
73.8425618281
32.676044,-117.161278
76.0576207202
32.676159,-117.161415
80.1685271642
32.676216,-117.161483
82.0625439062
----------
ChIJ3b6E_oNW2YAR4gj-Urg1CDQ
32.771537,-117.073824
5665 Lindo Paseo #103, San Diego, CA 92115, United States
32.771692,-117.073790
190.481238
32.771706,-117.073987
140.830832281
32.771703,-117.073889
161.860835132
32.771673,-117.073692
219.330894378
32.771656,-117.073593
238.719310516
32.771695,-117.073810
184.270832
32.771706,-117.074010
137.250117922
32.771704,-117.073910
156.600182954
32.771678,-117.073713
213.681019118
32.771659,-117.073615
235.546215184
50bd5339e4b05ba336fd25ed
32.771609,-117.073791
5565 Lindo Paseo, San Diego, CA 92115
32.771689,-117.073774
190.464798
32.771706,-117.073971
122.419764521
32.771703,-117.073872
143.730019625
32.771670,-117.073676
237.793254248
32.771653,-117.073577
256.199881235
32.771723,-117.075199
95.534840
32.771724,-117.075214
95.4848088209
32.771724,-117.075207
95.5091125239
32.771822,-117.075165
100.444989848
32.771922,-117.075163
105.147656835
----------
ChIJd5n35ypR2YAR38ZKbU5CO2Q
32.742919,-117.034738
7582 Broadway, Lemon Grove, CA 91945, United States
32.742978,-117.034936
109.319097
32.742790,-117.034944
53.3987476567
32.742884,-117.034945
78.631391537
32.743072,-117.034932
133.003525895
32.743166,-117.034933
146.323464951
32.742714,-117.034736
-0.335512
32.742717,-117.034536
-40.1271217862
32.742715,-117.034636
-22.9183924128
32.742713,-117.034836
21.8923702379
32.742711,-117.034943
39.8101106829
52098b0d498e59427f27bb72
32.742853,-117.034770
6971 Broadway, Lemon Grove, CA 91945
32.742852,-117.034944
89.435763
32.742594,-117.034941
29.1695237008
32.742752,-117.034943
55.4127208361
32.742969,-117.034946
128.056467827
32.743052,-117.034932
145.455441793
32.742416,-117.047206
87.643329
32.742171,-117.047186
86.301846733
32.742365,-117.047235
87.3678172298
32.742544,-117.047192
88.3362618079
32.742544,-117.047192
88.3362618079
----------
ChIJgwz5dYhV2YARYl_0FIfqpeE
32.807907,-117.114532
3425 Murphy Canyon Rd, San Diego, CA 92123, United States
32.807924,-117.114425
259.690328
32.808120,-117.114468
194.404716507
32.808022,-117.114446
212.328234856
32.807826,-117.114409
-51.8086310604
32.807732,-117.114421
-28.0277218232
32.807846,-117.114881
78.418998
32.807637,-117.114875
47.0091142897
32.807763,-117.114826
59.9482393868
32.807921,-117.114938
92.3998211486
32.807990,-117.115001
101.879914414
4ebd93c48b81967ad203b876
32.807883,-117.114569
3425 Murphy Canyon Rd Ste B, San Diego, CA 92123
32.807906,-117.114421
259.655639
32.808102,-117.114464
202.208060119
32.808004,-117.114442
221.593509956
32.807808,-117.114409
-60.7142250396
32.807715,-117.114425
-35.8856050128
32.807846,-117.114881
82.121261
32.807639,-117.114876
46.8106773047
32.807764,-117.114827
61.4588742319
32.807919,-117.114936
96.696991953
32.807986,-117.114997
105.949904746
----------
ChIJ6zeB3BFV2YARyJtYPqpm55o
32.774838,-117.137861
8885 Rio San Diego Dr #237, San Diego, CA 92108, United States
32.775022,-117.137923
164.104078
32.774975,-117.138118
122.400705566
32.774999,-117.138021
140.094536317
32.775046,-117.137826
188.294929375
32.775069,-117.137728
206.030073642
32.776120,-117.138256
165.490964
32.776131,-117.138444
159.227030159
32.776125,-117.138350
162.269915792
32.776110,-117.138165
168.671990006
32.776097,-117.138083
171.599956253
4d40c582adb6236a568d8b40
32.774589,-117.137748
8885 Rio San Diego Dr Ste 237, San Diego, CA 92108
32.775028,-117.137897
164.112774
32.774982,-117.138092
143.547735957
32.775005,-117.137995
153.469409189
32.775052,-117.137800
174.693633507
32.775075,-117.137702
184.644412007
32.776120,-117.138256
164.420668
32.776131,-117.138443
159.240637934
32.776125,-117.138350
161.764547483
32.776110,-117.138165
167.02041654
32.776097,-117.138085
169.38966674
----------
ChIJrzCgFOn_24ARUfY7o6sHvZY
32.813859,-117.153760
3860 Convoy St # 120, San Diego, CA 92111, United States
32.813945,-117.153594
238.432561
32.814108,-117.153714
188.986552131
32.814026,-117.153654
208.223074694
32.813861,-117.153540
269.55992827
32.813773,-117.153494
-69.0547457712
32.814275,-117.153833
171.627713
32.814275,-117.153833
171.639097502
32.814275,-117.153833
171.627712777
32.814275,-117.153833
171.633721099
32.814405,-117.153778
178.523276144
4b7b0147f964a5208a4b2fe3
32.813775,-117.153586
3860 Convoy St, San Diego, CA 92111
32.813800,-117.153505
250.279419
32.813968,-117.153611
173.769812447
32.813887,-117.153556
192.966168618
32.813706,-117.153472
-54.2779500838
32.813610,-117.153444
-36.0283247861
32.814275,-117.153833
157.415171
32.814262,-117.153830
157.108715832
32.814262,-117.153830
157.108715832
32.814322,-117.153837
158.860832929
32.814427,-117.153755
167.733707034
----------
ChIJ7UYh2pSq3oARRK_dwfiToOY
32.768630,-117.200447
1122 Morena Blvd, San Diego, CA 92110, United States
32.768539,-117.200521
34.789257
32.768438,-117.200346
-23.8215612066
32.768488,-117.200434
-4.49993369198
32.768590,-117.200608
73.673202187
32.768640,-117.200696
92.9421431548
32.769005,-117.200330
194.812356
32.769098,-117.200489
175.756614151
32.769022,-117.200413
184.298525631
32.768958,-117.200252
206.794368467
32.768904,-117.200165
221.146422266
4c20f54eebe52d7f8b6d3178
32.768695,-117.200622
1122 Morena Blvd, San Diego, CA 92110
32.768726,-117.200673
126.405749
32.768574,-117.200806
52.0759976055
32.768661,-117.200730
69.4670250006
32.768802,-117.200606
187.181843959
32.768878,-117.200540
200.946871939
32.769005,-117.200330
218.547423
32.769107,-117.200504
193.660579579
32.769057,-117.200416
205.73626051
32.768952,-117.200243
231.288008116
32.768904,-117.200165
241.691122068
----------
ChIJCR_Uu7T_24ARbPDBg5RMKxw
32.831102,-117.127025
9363 Clairemont Mesa Blvd, San Diego, CA 92123, United States
32.831102,-117.126733
269.975952
32.831302,-117.126733
231.026976524
32.831202,-117.126733
248.003245641
32.831002,-117.126732
-67.8929644916
32.830902,-117.126732
-50.9469677079
32.831348,-117.127057
173.733059
32.831349,-117.127256
141.800731123
32.831348,-117.127156
155.829044043
32.831347,-117.126958
193.130967312
32.831346,-117.126858
210.014808048
4ae5ddcff964a520b1a221e3
32.831073,-117.127047
9343 Clairemont Mesa Blvd, San Diego, CA 92123
32.831073,-117.126733
269.982454
32.831273,-117.126733
233.054339102
32.831173,-117.126733
249.419641849
32.830973,-117.126732
-69.3001047488
32.830873,-117.126732
-52.9693421648
32.831350,-117.128430
103.426171
32.831350,-117.128477
103.00125473
32.831350,-117.128454
103.213567155
32.831503,-117.128407
110.604190075
32.831503,-117.128384
110.922908331
----------
ChIJrcZItHEA3IARaHnrazLg_fU
32.821748,-117.183592
4310 Genesee Ave #102, San Diego, CA 92117, United States
32.821682,-117.183782
67.817345
32.821544,-117.183730
29.9232685349
32.821592,-117.183737
38.2278943536
32.821773,-117.183826
97.2057562787
32.821863,-117.183870
116.181067961
32.821703,-117.183208
-82.020468
32.821907,-117.183168
246.167326477
32.821783,-117.183248
263.284864822
32.821624,-117.183167
-70.7502751821
32.821544,-117.183127
-62.433836827
4c92c74d1221b1f733c314e2
32.821716,-117.183660
4310 Genesee Ave, San Diego, CA 92117
32.821675,-117.183778
67.830665
32.821544,-117.183730
19.1097857922
32.821585,-117.183734
25.4581136437
32.821765,-117.183822
109.93404938
32.821856,-117.183866
128.815347189
32.821703,-117.183208
-87.965540
32.821916,-117.183175
244.13311852
32.821787,-117.183250
258.586011078
32.821620,-117.183165
-76.9025958848
32.821536,-117.183123
-68.2593794399
----------
ChIJeT_WDpP_24ARSvXdXenb1z4
32.822291,-117.157628
Balboa Ave, San Diego, CA 92111, United States
32.821824,-117.157610
-1.736025
32.821829,-117.157402
-22.406164397
32.821826,-117.157510
-12.0184348247
32.821821,-117.157710
8.46738627026
32.821818,-117.157810
18.0889550412
32.820394,-117.167430
77.176009
32.820048,-117.167543
75.0906533181
32.820393,-117.167434
77.1763710741
32.820517,-117.167459
78.0277271871
32.820518,-117.167455
78.0277024411
4b43a5eff964a5201ae525e3
32.822080,-117.157656
7710 Balboa Ave, San Diego, CA 92111
32.821823,-117.157646
-1.738459
32.821828,-117.157446
-35.0439139167
32.821826,-117.157546
-19.9640649108
32.821820,-117.157746
16.38389499
32.821818,-117.157846
31.5034762552
32.821815,-117.157952
43.410339
32.821671,-117.157807
17.3364385482
32.821669,-117.157878
24.6187582003
32.821814,-117.158023
49.3877514293
32.821812,-117.158094
54.1720572804
----------
ChIJO4FDWT3-24ARyPQ1pCLifwU
32.822766,-117.103405
10425 Tierrasanta Blvd #104, San Diego, CA 92124, United States
32.822769,-117.102817
269.732652
32.822969,-117.102819
247.762457221
32.822869,-117.102818
258.318023814
32.822669,-117.102817
-78.8964779207
32.822569,-117.102818
-68.2643363836
32.823284,-117.103280
191.563219
32.823280,-117.103475
173.518851933
32.823282,-117.103377
182.633066875
32.823285,-117.103182
199.959928952
32.823287,-117.103085
207.489782606
4abe743ff964a520b68d20e3
32.822887,-117.103446
10425 Tierrasanta Blvd #104, San Diego, CA 92124
32.823281,-117.103455
178.888587
32.823277,-117.103655
155.721177756
32.823279,-117.103555
166.840223115
32.823282,-117.103355
191.055644529
32.823284,-117.103255
202.164128063
32.823284,-117.103280
199.498168
32.823414,-117.103469
177.936111486
32.823282,-117.103373
188.877359577
32.823285,-117.103186
208.893052374
32.823286,-117.103093
216.796127254
----------
ChIJWX2pa7r_24ARMKMgh4YCLQU
32.830512,-117.139375
5375 Kearney Villa Road, Suite 118, San Diego, CA 92123, United States
32.830122,-117.139370
-0.556829
32.830124,-117.139170
-23.948472818
32.830123,-117.139270
-12.7559813725
32.830121,-117.139470
11.6650652647
32.830120,-117.139570
22.8573111
32.831204,-117.138833
213.567021
32.831296,-117.138994
202.372784653
32.831309,-117.138930
205.300047373
32.831216,-117.138767
216.167159708
32.831228,-117.138715
217.959789297
4bec6a2f976ac92818f9600b
32.830632,-117.139379
5375 Kearny Villa Rd, San Diego, CA 92123
32.830967,-117.139576
153.683571
32.830890,-117.139762
128.632377684
32.830928,-117.139669
140.517439727
32.831006,-117.139483
166.849814822
32.831044,-117.139390
178.796623191
32.831204,-117.138833
218.960454
32.831299,-117.138980
206.892049936
32.831310,-117.138923
209.642939105
32.831215,-117.138774
221.303621599
32.831224,-117.138730
222.837458683
